V;101;FCL;A-3413041;;;20140701;2;D;;1;9,5000;
;;;;;;;;;;1;9,5000;
;;;;;;;;;;1;9,5000;
;;;;;;;;;;1;6,0000;
;;;;;;;;;;1;33,0000;
;;;;;;;;;;1;9,5000;
;;;;;;;;;;1;9,5000;
;;;;;;;;;;1;9,5000;
;;;;;;;;;;1;6,0000;
;;;;;;;;;;2;6,0000;
;;;;;;;;;;2;16,0000;
;;;;;;;;;;1;9,5000;
;;;;;;;;;;1;20,0000;
;;;;;;;;;;3;18,0000;
;;;;;;;;;;1;6,0000;
;;;;;;;;;;1;16,0000;
;;;;;;;;;;1;9,5000;
;;;;;;;;;;1;18,0000;
;;;;;;;;;;1;9,5000;
;;;;;;;;;;1;9,5000;
;;;;;;;;;;1;9,5000;
;;;;;;;;;;2;16,0000;
;;;;;;;;;;4;16,0000;
;;;;;;;;;;1;9,5000;
;;;;;;;;;;1;6,0000;
;;;;;;;;;;2;18,0000;
;;;;;;;;;;1;9,5000;
;;;;;;;;;;1;18,0000;
;;;;;;;;;;1;6,0000;
;;;;;;;;;;1;16,0000;
;;;;;;;;;;1;9,5000;
;;;;;;;;;;1;33,0000;
;;;;;;;;;;1;9,5000;
;;;;;;;;;;1;9,5000;
;;;;;;;;;;1;9,5000;
;;;;;;;;;;1;6,0000;
;;;;;;;;;;1;33,0000;
;;;;;;;;;;2;16,0000;
;;;;;;;;;;1;22,5000;
V;101;FCL;A-3413042;;;20140701;2;D;;1;15,4000;
;;;;;;;;;;2;17,5000;
;;;;;;;;;;3;17,5000;
;;;;;;;;;;12;17,5000;
;;;;;;;;;;12;17,5000;
;;;;;;;;;;12;17,5000;
;;;;;;;;;;2;15,4000;
;;;;;;;;;;1;17,5000;
;;;;;;;;;;3;17,5000;
;;;;;;;;;;4;17,5000;
;;;;;;;;;;1;17,5000;
;;;;;;;;;;2;17,5000;
;;;;;;;;;;9;17,5000;
;;;;;;;;;;1;15,4000;
;;;;;;;;;;4;15,4000;
;;;;;;;;;;1;15,4000;
;;;;;;;;;;4;17,5000;
;;;;;;;;;;14;17,5000;
;;;;;;;;;;2;17,5000;
;;;;;;;;;;15;17,5000;
;;;;;;;;;;6;17,5000;
;;;;;;;;;;1;17,5000;
;;;;;;;;;;8;17,5000;
;;;;;;;;;;6;17,5000;
;;;;;;;;;;1;15,4000;
;;;;;;;;;;1;17,5000;
;;;;;;;;;;16;17,5000;
;;;;;;;;;;12;17,5000;
;;;;;;;;;;1;17,5000;
;;;;;;;;;;1;17,5000;
;;;;;;;;;;2;15,4000;
;;;;;;;;;;9;17,5000;
;;;;;;;;;;1;15,4000;
;;;;;;;;;;14;17,5000;
;;;;;;;;;;16;17,5000;
;;;;;;;;;;29;17,5000;
;;;;;;;;;;1;17,5000;
;;;;;;;;;;20;17,5000;
;;;;;;;;;;22;17,5000;
;;;;;;;;;;13;17,5000;
;;;;;;;;;;1;17,5000;
;;;;;;;;;;12;17,5000;
;;;;;;;;;;1;15,4000;
;;;;;;;;;;20;17,5000;
;;;;;;;;;;18;17,5000;
;;;;;;;;;;6;17,5000;
;;;;;;;;;;1;17,5000;
;;;;;;;;;;4;17,5000;
;;;;;;;;;;5;17,5000;
;;;;;;;;;;2;15,4000;
;;;;;;;;;;17;17,5000;
;;;;;;;;;;13;17,5000;
;;;;;;;;;;9;17,5000;
;;;;;;;;;;11;17,5000;
;;;;;;;;;;8;17,5000;
;;;;;;;;;;4;17,5000;
;;;;;;;;;;27;17,5000;
;;;;;;;;;;15;17,5000;
;;;;;;;;;;7;17,5000;
;;;;;;;;;;4;17,5000;
;;;;;;;;;;4;17,5000;
;;;;;;;;;;12;17,5000;
;;;;;;;;;;3;17,5000;
;;;;;;;;;;1;17,5000;
;;;;;;;;;;1;17,5000;
;;;;;;;;;;11;17,5000;
;;;;;;;;;;6;17,5000;
;;;;;;;;;;1;15,4000;
;;;;;;;;;;10;17,5000;
;;;;;;;;;;8;17,5000;
V;101;FCL;A-3413043;;;20140701;2;D;;3;1,0000;
;;;;;;;;;;1;1,5000;
;;;;;;;;;;3;0,7500;
;;;;;;;;;;1;1,0000;
;;;;;;;;;;2;5,0000;
;;;;;;;;;;2;1,0000;
;;;;;;;;;;1;5,0000;
;;;;;;;;;;2;0,7500;
;;;;;;;;;;2;5,0000;
;;;;;;;;;;2;5,0000;
;;;;;;;;;;2;1,0000;
;;;;;;;;;;1;7,5000;
;;;;;;;;;;3;5,0000;
;;;;;;;;;;2;5,0000;
;;;;;;;;;;2;1,0000;
;;;;;;;;;;4;4,5000;
;;;;;;;;;;2;5,0000;
;;;;;;;;;;7;1,0000;
;;;;;;;;;;7;1,0000;
;;;;;;;;;;3;1,0000;
;;;;;;;;;;2;1,8000;
;;;;;;;;;;1;5,0000;
;;;;;;;;;;1;0,5000;
;;;;;;;;;;1;2,0000;
;;;;;;;;;;1;1,0000;
;;;;;;;;;;2;0,7500;
;;;;;;;;;;1;1,4000;
;;;;;;;;;;1;4,5000;
;;;;;;;;;;3;1,0000;
;;;;;;;;;;1;1,5000;
;;;;;;;;;;1;1,0000;
;;;;;;;;;;1;5,0000;
;;;;;;;;;;2;1,0000;
;;;;;;;;;;1;4,5000;
;;;;;;;;;;1;1,0000;
;;;;;;;;;;1;1,0000;
;;;;;;;;;;1;1,0000;
;;;;;;;;;;3;1,0000;
;;;;;;;;;;2;1,0000;
;;;;;;;;;;4;1,5000;
;;;;;;;;;;1;1,5000;
;;;;;;;;;;2;1,0000;
;;;;;;;;;;2;1,0000;
;;;;;;;;;;1;4,5000;
;;;;;;;;;;1;2,0000;
;;;;;;;;;;2;1,0000;
;;;;;;;;;;1;5,5000;
;;;;;;;;;;1;1,0000;
;;;;;;;;;;1;1,5000;
;;;;;;;;;;2;5,0000;
;;;;;;;;;;1;1,5000;
;;;;;;;;;;2;1,5000;
;;;;;;;;;;2;5,0000;
;;;;;;;;;;3;1,0000;
;;;;;;;;;;1;1,5000;
;;;;;;;;;;1;1,5000;
;;;;;;;;;;1;1,0000;
;;;;;;;;;;1;1,5000;
;;;;;;;;;;4;5,0000;
;;;;;;;;;;1;5,0000;
;;;;;;;;;;1;5,0000;
;;;;;;;;;;9;1,5000;
;;;;;;;;;;1;4,5000;
;;;;;;;;;;3;1,0000;
;;;;;;;;;;1;5,0000;
;;;;;;;;;;4;1,0000;
;;;;;;;;;;2;1,0000;
;;;;;;;;;;1;5,0000;
;;;;;;;;;;1;1,0000;
;;;;;;;;;;1;1,0000;
;;;;;;;;;;1;5,0000;
;;;;;;;;;;3;1,5000;
;;;;;;;;;;2;1,0000;
;;;;;;;;;;2;1,0000;
;;;;;;;;;;5;1,0000;
;;;;;;;;;;1;1,0000;
;;;;;;;;;;1;1,0000;
;;;;;;;;;;2;1,5000;
;;;;;;;;;;3;1,0000;
;;;;;;;;;;3;1,0000;
;;;;;;;;;;1;0,7500;
;;;;;;;;;;2;1,5000;
;;;;;;;;;;1;4,0000;
;;;;;;;;;;3;1,0000;
;;;;;;;;;;1;7,5000;
;;;;;;;;;;1;8,5000;
;;;;;;;;;;1;1,0000;
;;;;;;;;;;1;2,0000;
;;;;;;;;;;2;1,0000;
;;;;;;;;;;1;5,0000;
;;;;;;;;;;1;5,0000;
;;;;;;;;;;1;1,0000;
;;;;;;;;;;2;5,0000;
;;;;;;;;;;4;1,5000;
;;;;;;;;;;1;7,5000;
;;;;;;;;;;10;1,4000;
;;;;;;;;;;2;1,0000;
;;;;;;;;;;2;1,0000;
;;;;;;;;;;2;1,4000;
;;;;;;;;;;2;1,0000;
;;;;;;;;;;1;1,0000;
;;;;;;;;;;1;4,5000;
;;;;;;;;;;3;1,0000;
;;;;;;;;;;1;5,0000;
;;;;;;;;;;2;1,0000;
;;;;;;;;;;5;1,0000;
;;;;;;;;;;2;5,0000;
;;;;;;;;;;2;1,4000;
;;;;;;;;;;2;5,0000;
;;;;;;;;;;2;1,5000;
;;;;;;;;;;3;5,0000;
;;;;;;;;;;2;0,7500;
;;;;;;;;;;1;0,7500;
;;;;;;;;;;2;1,5000;
;;;;;;;;;;3;1,0000;
;;;;;;;;;;2;1,0000;
;;;;;;;;;;1;1,0000;
;;;;;;;;;;2;1,0000;
;;;;;;;;;;1;7,5000;
;;;;;;;;;;1;5,0000;
;;;;;;;;;;8;1,0000;
;;;;;;;;;;1;5,0000;
;;;;;;;;;;4;1,5000;
;;;;;;;;;;1;2,0000;
;;;;;;;;;;1;1,8000;
;;;;;;;;;;1;1,0000;
;;;;;;;;;;1;7,5000;
;;;;;;;;;;2;1,5000;
;;;;;;;;;;1;1,0000;
;;;;;;;;;;1;5,0000;
;;;;;;;;;;2;5,0000;
;;;;;;;;;;2;1,0000;
;;;;;;;;;;1;7,0000;
;;;;;;;;;;4;5,0000;
;;;;;;;;;;1;1,0000;
;;;;;;;;;;1;14,5000;
;;;;;;;;;;2;5,0000;
;;;;;;;;;;2;1,0000;
;;;;;;;;;;6;1,0000;
;;;;;;;;;;3;1,0000;
;;;;;;;;;;3;1,5000;
;;;;;;;;;;2;1,8000;
;;;;;;;;;;2;1,4000;
;;;;;;;;;;2;5,0000;
;;;;;;;;;;1;1,0000;
;;;;;;;;;;2;1,0000;
;;;;;;;;;;2;1,0000;
;;;;;;;;;;4;1,0000;
;;;;;;;;;;3;1,0000;
;;;;;;;;;;2;5,0000;
;;;;;;;;;;1;5,0000;
;;;;;;;;;;1;5,0000;
;;;;;;;;;;1;1,0000;
;;;;;;;;;;1;5,0000;
;;;;;;;;;;1;5,0000;
;;;;;;;;;;2;0,7500;
;;;;;;;;;;1;7,0000;
;;;;;;;;;;1;1,0000;
;;;;;;;;;;1;1,5000;
;;;;;;;;;;4;1,5000;
;;;;;;;;;;1;1,0000;
;;;;;;;;;;1;1,5000;
;;;;;;;;;;2;1,0000;
;;;;;;;;;;1;1,0000;
;;;;;;;;;;1;1,5000;
;;;;;;;;;;1;0,5000;
;;;;;;;;;;2;5,0000;
;;;;;;;;;;1;1,0000;
;;;;;;;;;;4;5,0000;
;;;;;;;;;;5;1,0000;
;;;;;;;;;;1;1,5000;
;;;;;;;;;;2;0,7500;
;;;;;;;;;;2;5,0000;
;;;;;;;;;;1;1,0000;
;;;;;;;;;;2;5,0000;
;;;;;;;;;;1;5,0000;
;;;;;;;;;;1;1,0000;
;;;;;;;;;;2;1,0000;
;;;;;;;;;;1;5,0000;
;;;;;;;;;;2;1,5000;
;;;;;;;;;;4;5,0000;
;;;;;;;;;;3;1,0000;
;;;;;;;;;;2;1,5000;
;;;;;;;;;;1;1,0000;
;;;;;;;;;;1;1,0000;
;;;;;;;;;;1;1,5000;
;;;;;;;;;;3;1,0000;
;;;;;;;;;;1;5,0000;
;;;;;;;;;;2;1,0000;
;;;;;;;;;;2;1,0000;
;;;;;;;;;;1;1,0000;
;;;;;;;;;;2;5,0000;
;;;;;;;;;;1;5,0000;
;;;;;;;;;;1;1,0000;
;;;;;;;;;;2;1,0000;
;;;;;;;;;;2;0,7500;
;;;;;;;;;;1;1,0000;
;;;;;;;;;;-2;1,0000;
;;;;;;;;;;1;1,5000;
;;;;;;;;;;-1;1,5000;
;;;;;;;;;;1;1,0000;
;;;;;;;;;;1;5,0000;
;;;;;;;;;;1;4,5000;
;;;;;;;;;;2;1,5000;
;;;;;;;;;;2;5,0000;
;;;;;;;;;;1;5,0000;
;;;;;;;;;;1;7,0000;
;;;;;;;;;;1;4,5000;
;;;;;;;;;;4;5,0000;
;;;;;;;;;;2;1,0000;
;;;;;;;;;;2;1,0000;
;;;;;;;;;;2;5,0000;
;;;;;;;;;;2;5,0000;
;;;;;;;;;;1;2,0000;
;;;;;;;;;;2;1,5000;
;;;;;;;;;;2;1,5000;
;;;;;;;;;;1;1,5000;
;;;;;;;;;;6;1,0000;
;;;;;;;;;;2;5,0000;
;;;;;;;;;;2;1,0000;
;;;;;;;;;;1;1,5000;
;;;;;;;;;;1;1,0000;
;;;;;;;;;;1;1,0000;
;;;;;;;;;;1;5,0000;
;;;;;;;;;;1;1,4000;
;;;;;;;;;;2;0,7500;
;;;;;;;;;;4;5,0000;
;;;;;;;;;;2;1,0000;
;;;;;;;;;;1;5,5000;
;;;;;;;;;;1;1,5000;
;;;;;;;;;;1;7,1500;
;;;;;;;;;;2;1,0000;
;;;;;;;;;;5;1,5000;
;;;;;;;;;;2;0,7500;
;;;;;;;;;;4;1,5000;
;;;;;;;;;;-1;0,7500;
;;;;;;;;;;3;1,0000;
;;;;;;;;;;1;7,5000;
;;;;;;;;;;2;5,0000;
;;;;;;;;;;2;0,7500;
;;;;;;;;;;1;1,0000;
;;;;;;;;;;1;1,0000;
;;;;;;;;;;2;5,0000;
;;;;;;;;;;2;1,5000;
;;;;;;;;;;1;7,0000;
;;;;;;;;;;2;5,0000;
;;;;;;;;;;3;1,0000;
;;;;;;;;;;1;1,0000;
;;;;;;;;;;1;5,0000;
;;;;;;;;;;4;1,5000;
;;;;;;;;;;1;7,5000;
;;;;;;;;;;1;7,5000;
;;;;;;;;;;2;3,5000;
;;;;;;;;;;1;1,5000;
;;;;;;;;;;1;5,0000;
;;;;;;;;;;4;1,5000;
;;;;;;;;;;1;0,7500;
;;;;;;;;;;1;1,0000;
;;;;;;;;;;1;1,0000;
;;;;;;;;;;5;1,5000;
;;;;;;;;;;1;0,5000;
;;;;;;;;;;3;1,0000;
;;;;;;;;;;3;1,0000;
;;;;;;;;;;1;1,0000;
;;;;;;;;;;4;1,0000;
;;;;;;;;;;1;1,0000;
;;;;;;;;;;3;1,0000;
;;;;;;;;;;3;1,0000;
;;;;;;;;;;2;1,0000;
;;;;;;;;;;1;1,0000;
;;;;;;;;;;1;5,0000;
;;;;;;;;;;1;7,5000;
;;;;;;;;;;1;1,0000;
;;;;;;;;;;1;5,0000;
;;;;;;;;;;1;1,5000;
;;;;;;;;;;1;1,0000;
;;;;;;;;;;1;1,5000;
;;;;;;;;;;1;1,0000;
;;;;;;;;;;1;7,1500;
;;;;;;;;;;7;1,0000;
;;;;;;;;;;4;1,0000;
;;;;;;;;;;8;1,0000;
;;;;;;;;;;2;1,5000;
;;;;;;;;;;2;0,7500;
;;;;;;;;;;1;1,5000;
;;;;;;;;;;2;5,0000;
;;;;;;;;;;1;4,5000;
;;;;;;;;;;1;5,0000;
;;;;;;;;;;3;1,0000;
;;;;;;;;;;1;8,5000;
;;;;;;;;;;1;1,0000;
;;;;;;;;;;5;1,0000;
;;;;;;;;;;1;5,0000;
;;;;;;;;;;2;5,0000;
;;;;;;;;;;1;4,5000;
;;;;;;;;;;1;1,0000;
;;;;;;;;;;2;5,0000;
;;;;;;;;;;1;4,5000;
;;;;;;;;;;1;1,4000;
;;;;;;;;;;1;1,0000;
;;;;;;;;;;3;1,0000;
;;;;;;;;;;10;1,4000;
;;;;;;;;;;1;1,0000;
;;;;;;;;;;2;1,5000;
;;;;;;;;;;2;1,0000;
;;;;;;;;;;1;1,0000;
;;;;;;;;;;2;1,0000;
;;;;;;;;;;1;1,5000;
;;;;;;;;;;4;1,0000;
;;;;;;;;;;1;1,0000;
;;;;;;;;;;2;5,0000;
;;;;;;;;;;1;5,0000;
;;;;;;;;;;1;1,4000;
;;;;;;;;;;5;1,0000;
;;;;;;;;;;3;1,5000;
;;;;;;;;;;2;1,0000;
;;;;;;;;;;3;5,0000;
;;;;;;;;;;1;1,0000;
;;;;;;;;;;1;5,0000;
;;;;;;;;;;4;5,0000;
;;;;;;;;;;1;5,0000;
;;;;;;;;;;2;4,5000;
;;;;;;;;;;2;1,0000;
;;;;;;;;;;2;1,0000;
;;;;;;;;;;1;1,5000;
;;;;;;;;;;1;5,0000;
;;;;;;;;;;1;26,0000;
;;;;;;;;;;1;1,0000;
;;;;;;;;;;1;4,5000;
;;;;;;;;;;5;1,0000;
;;;;;;;;;;3;1,5000;
;;;;;;;;;;1;1,5000;
;;;;;;;;;;4;1,5000;
;;;;;;;;;;1;1,5000;
;;;;;;;;;;1;1,0000;
;;;;;;;;;;1;7,5000;
;;;;;;;;;;1;7,1500;
;;;;;;;;;;2;1,5000;
;;;;;;;;;;1;1,0000;
;;;;;;;;;;5;1,0000;
;;;;;;;;;;1;4,5000;
;;;;;;;;;;2;1,0000;
;;;;;;;;;;8;1,0000;
;;;;;;;;;;2;5,0000;
;;;;;;;;;;1;2,0000;
;;;;;;;;;;3;1,0000;
;;;;;;;;;;3;1,0000;
;;;;;;;;;;2;1,0000;
;;;;;;;;;;3;5,0000;
;;;;;;;;;;1;4,5000;
;;;;;;;;;;1;7,5000;
;;;;;;;;;;2;1,0000;
;;;;;;;;;;1;1,0000;
;;;;;;;;;;1;1,0000;
;;;;;;;;;;1;1,0000;
;;;;;;;;;;1;7,5000;
;;;;;;;;;;2;1,0000;
;;;;;;;;;;1;5,5000;
;;;;;;;;;;1;1,0000;
;;;;;;;;;;3;1,5000;
;;;;;;;;;;1;2,0000;
;;;;;;;;;;1;7,5000;
;;;;;;;;;;1;0,7500;
;;;;;;;;;;1;1,0000;
;;;;;;;;;;1;1,0000;
;;;;;;;;;;2;5,0000;
;;;;;;;;;;1;2,0000;
;;;;;;;;;;2;1,0000;
;;;;;;;;;;1;4,5000;
;;;;;;;;;;1;1,0000;
;;;;;;;;;;1;5,0000;
;;;;;;;;;;3;1,0000;
;;;;;;;;;;4;1,5000;
;;;;;;;;;;2;1,0000;
;;;;;;;;;;2;5,0000;
;;;;;;;;;;2;1,0000;
;;;;;;;;;;2;1,5000;
;;;;;;;;;;1;1,5000;
;;;;;;;;;;1;1,0000;
;;;;;;;;;;1;0,7500;
;;;;;;;;;;3;1,4000;
;;;;;;;;;;1;1,0000;
;;;;;;;;;;4;1,5000;
;;;;;;;;;;3;0,7500;
;;;;;;;;;;3;1,0000;
;;;;;;;;;;1;1,0000;
;;;;;;;;;;2;1,0000;
;;;;;;;;;;3;1,5000;
;;;;;;;;;;-1;4,5000;
;;;;;;;;;;1;11,0000;
;;;;;;;;;;1;7,0000;
;;;;;;;;;;1;1,0000;
;;;;;;;;;;2;5,0000;
;;;;;;;;;;2;5,0000;
;;;;;;;;;;1;1,0000;
;;;;;;;;;;4;5,0000;
;;;;;;;;;;1;1,0000;
;;;;;;;;;;3;1,5000;
;;;;;;;;;;1;1,0000;
;;;;;;;;;;1;1,5000;
;;;;;;;;;;1;8,5000;
;;;;;;;;;;1;1,0000;
;;;;;;;;;;2;1,4000;
;;;;;;;;;;4;1,0000;
;;;;;;;;;;1;1,0000;
;;;;;;;;;;1;0,7500;
;;;;;;;;;;1;1,0000;
;;;;;;;;;;4;5,0000;
;;;;;;;;;;1;1,5000;
;;;;;;;;;;2;5,0000;
;;;;;;;;;;1;1,0000;
;;;;;;;;;;3;1,0000;
;;;;;;;;;;2;4,0000;
;;;;;;;;;;1;1,0000;
;;;;;;;;;;2;2,0000;
;;;;;;;;;;5;1,0000;
;;;;;;;;;;1;1,0000;
;;;;;;;;;;2;1,0000;
;;;;;;;;;;1;1,4000;
;;;;;;;;;;1;1,5000;
;;;;;;;;;;2;1,4000;
;;;;;;;;;;2;1,0000;
;;;;;;;;;;3;1,5000;
;;;;;;;;;;4;0,7500;
;;;;;;;;;;1;5,0000;
;;;;;;;;;;2;1,5000;
V;101;FCL;G-1;;;20140701;2;D;;49,07;1,0190;
V;101;FCL;G-2;;;20140701;2;D;;14,3;1,0490;
V;101;FCL;G-3;;;20140701;2;D;;27,91;1,0390;
V;101;FCL;G-4;;;20140701;2;D;;34,65;1,0390;
V;101;FCL;G-5;;;20140701;2;D;;19,25;1,0390;
V;101;FCL;G-6;;;20140701;2;D;;34,35;1,0490;
;;;;;;;;;;27,91;1,0390;
V;101;FCL;G-7;;;20140701;2;D;;19,26;1,0390;
V;101;FCL;G-8;;;20140701;2;D;;103,5;1,0390;
V;101;FCL;G-9;;;20140701;2;D;;38,5;1,0390;
V;101;FCL;G-10;;;20140701;2;D;;66,73;1,0490;
;;;;;;;;;;71,5;1,0490;
V;101;FCL;G-11;;;20140701;2;D;;21,93;1,0490;
V;101;FCL;G-12;;;20140701;2;D;;15,75;1,0490;
V;101;FCL;G-13;;;20140701;2;D;;44,29;1,0390;
;;;;;;;;;;47,66;1,0490;
V;101;FCL;G-14;;;20140701;2;D;;19,44;1,0290;
;;;;;;;;;;19,63;1,0190;
V;101;FCL;G-15;;;20140701;2;D;;19,07;1,0490;
V;101;FCL;G-16;;;20140701;2;D;;21,93;1,0490;
;;;;;;;;;;22,35;1,0290;
V;101;FCL;G-17;;;20140701;2;D;;190,66;1,0490;
V;101;FCL;G-18;;;20140701;2;D;;37,29;1,0490;
;;;;;;;;;;42,35;1,0390;
V;101;FCL;G-19;;;20140701;2;D;;19,07;1,0490;
;;;;;;;;;;9,72;1,0290;
V;101;FCL;G-20;;;20140701;2;D;;8,58;1,0490;
V;101;FCL;G-21;;;20140701;2;D;;19,25;1,0390;
V;101;FCL;G-22;;;20140701;2;D;;57,21;1,0490;
;;;;;;;;;;19,25;1,0390;
;;;;;;;;;;24,3;1,0290;
;;;;;;;;;;19,07;1,0490;
;;;;;;;;;;23,1;1,0390;
;;;;;;;;;;40,42;1,0390;
;;;;;;;;;;29,16;1,0290;
;;;;;;;;;;29,06;1,0490;
;;;;;;;;;;19,25;1,0390;
;;;;;;;;;;47,66;1,0490;
;;;;;;;;;;28,6;1,0490;
;;;;;;;;;;28,6;1,0490;
;;;;;;;;;;45,14;1,0190;
;;;;;;;;;;26,69;1,0490;
V;101;FCL;G-23;;;20140701;2;D;;39,53;1,0390;
;;;;;;;;;;61,61;1,0390;
;;;;;;;;;;96,33;1,0490;
;;;;;;;;;;33,75;1,0490;
;;;;;;;;;;14,72;1,0190;
;;;;;;;;;;35,96;1,0390;
;;;;;;;;;;39,26;1,0490;
;;;;;;;;;;24,06;1,0390;
;;;;;;;;;;9,94;1,0490;
;;;;;;;;;;27,77;1,0290;
;;;;;;;;;;41,31;1,0390;
;;;;;;;;;;64,49;1,0390;
;;;;;;;;;;28,87;1,0390;
;;;;;;;;;;23,93;1,0490;
;;;;;;;;;;101,06;1,0390;
;;;;;;;;;;45,3;1,0490;
;;;;;;;;;;20,12;1,0190;
;;;;;;;;;;39,03;1,0390;
;;;;;;;;;;29,55;1,0490;
;;;;;;;;;;28,18;1,0290;
;;;;;;;;;;33,37;1,0490;
;;;;;;;;;;32,41;1,0490;
;;;;;;;;;;57,75;1,0390;
;;;;;;;;;;32,72;1,0390;
;;;;;;;;;;19,13;1,0490;
;;;;;;;;;;13,48;1,0390;
;;;;;;;;;;24,81;1,0490;
;;;;;;;;;;65,75;1,0190;
;;;;;;;;;;29,12;1,0390;
;;;;;;;;;;48,12;1,0390;
;;;;;;;;;;10,59;1,0390;
;;;;;;;;;;27,65;1,0490;
;;;;;;;;;;28,32;1,0490;
;;;;;;;;;;72;1,0390;
;;;;;;;;;;30,8;1,0390;
;;;;;;;;;;28,6;1,0490;
;;;;;;;;;;40,42;1,0390;
;;;;;;;;;;43,85;1,0490;
;;;;;;;;;;40,82;1,0290;
;;;;;;;;;;48,12;1,0390;
V;101;FCL;G-24;;;20140701;2;D;;67,37;1,0390;
V;101;FCL;G-25;;;20140701;2;D;;96,25;1,0390;
V;101;FCL;G-26;;;20140701;2;D;;76,26;1,0490;
V;101;FCL;G-27;;;20140701;2;D;;44,81;1,0490;
V;101;FCL;X-1;;;20140701;2;D;;454,87;1,3850;
;;;;;;;;;;560,89;1,3550;
;;;;;;;;;;412,76;1,3640;
;;;;;;;;;;454,87;1,3850;
;;;;;;;;;;553,51;1,3550;
;;;;;;;;;;358,6;1,3720;
;;;;;;;;;;175,95;1,3640;
;;;;;;;;;;452,36;1,3750;
;;;;;;;;;;327,99;1,3720;
;;;;;;;;;;354,11;1,3640;
V;101;FCL;X-2;;;20140701;2;D;;36,77;1,3600;
;;;;;;;;;;21,66;1,3850;
;;;;;;;;;;21,6;1,3890;
;;;;;;;;;;22,14;1,3550;
;;;;;;;;;;14,44;1,3850;
;;;;;;;;;;21,77;1,3780;
;;;;;;;;;;57,57;1,3550;
;;;;;;;;;;21,82;1,3750;
;;;;;;;;;;36;1,3890;
;;;;;;;;;;21,77;1,3780;
;;;;;;;;;;22,14;1,3550;
;;;;;;;;;;21,66;1,3850;
;;;;;;;;;;21,6;1,3890;
;;;;;;;;;;36,29;1,3780;
V;101;FCL;X-3;;;20140701;2;D;;53,51;1,3550;
;;;;;;;;;;59,08;1,3710;
;;;;;;;;;;60,36;1,3750;
;;;;;;;;;;47,27;1,3710;
;;;;;;;;;;51,02;1,3720;
;;;;;;;;;;51,84;1,3890;
V;101;FCL;X-4;;;20140701;2;D;;50,33;1,3710;
;;;;;;;;;;54,15;1,3850;
V;101;FCL;X-5;;;20140701;2;D;;29,33;1,3640;
;;;;;;;;;;21,6;1,3890;
;;;;;;;;;;29,09;1,3750;
V;101;FCL;X-6;;;20140701;2;D;;54,85;1,3640;
;;;;;;;;;;72;1,3880;
;;;;;;;;;;72;1,3880;
V;101;FCL;X-7;;;20140701;2;D;;49,1;1,3850;
;;;;;;;;;;49,56;1,3720;
;;;;;;;;;;32,4;1,3890;
;;;;;;;;;;21,66;1,3850;
;;;;;;;;;;159,41;1,3550;
;;;;;;;;;;33,38;1,3780;
;;;;;;;;;;47,24;1,3760;
;;;;;;;;;;49,99;1,3780;
V;101;FCL;X-8;;;20140701;2;D;;61,95;1,3720;
;;;;;;;;;;36,77;1,3600;
;;;;;;;;;;36,36;1,3750;
;;;;;;;;;;35,56;1,4060;
V;101;FCL;X-9;;;20140701;2;D;;43,61;1,3760;
;;;;;;;;;;28,8;1,3890;
;;;;;;;;;;16,56;1,3890;
;;;;;;;;;;87,21;1,3760;
V;101;FCL;X-10;;;20140701;2;D;;43,2;1,3890;
;;;;;;;;;;41,88;1,3850;
V;101;FCL;X-11;;;20140701;2;D;;21,6;1,3890;
;;;;;;;;;;63,54;1,3850;
;;;;;;;;;;57,62;1,3710;
;;;;;;;;;;55,08;1,3890;
;;;;;;;;;;89,99;1,3780;
;;;;;;;;;;81,03;1,3760;
;;;;;;;;;;45,09;1,3750;
;;;;;;;;;;83,09;1,3720;
;;;;;;;;;;21,66;1,3850;
;;;;;;;;;;80,87;1,3850;
;;;;;;;;;;92,25;1,3550;
V;101;FCL;X-12;;;20140701;2;D;;4,63;1,4030;
V;101;FCL;X-13;;;20140701;2;D;;21,99;1,3640;
;;;;;;;;;;50,33;1,3710;
;;;;;;;;;;21,6;1,3890;
;;;;;;;;;;46,21;1,3850;
V;101;FCL;X-14;;;20140701;2;D;;33,95;1,3550;
;;;;;;;;;;30,96;1,3890;
;;;;;;;;;;31,05;1,3850;
V;101;FCL;X-15;;;20140701;2;D;;367,17;1,3890;
;;;;;;;;;;41,76;1,3890;
V;101;FCL;X-16;;;20140701;2;D;;64,52;1,3640;
;;;;;;;;;;49,46;1,3750;
;;;;;;;;;;49,6;1,3710;
;;;;;;;;;;21,87;1,3720;
;;;;;;;;;;123,55;1,3760;
;;;;;;;;;;48,47;1,3720;
V;101;FCL;X-17;;;20140701;2;D;;53,7;1,3780;
;;;;;;;;;;43,92;1,3890;
;;;;;;;;;;47,23;1,3550;
;;;;;;;;;;63,74;1,4120;
;;;;;;;;;;31,68;1,3890;
V;101;FCL;X-18;;;20140701;2;D;;43,54;1,3780;
;;;;;;;;;;47,97;1,3780;
;;;;;;;;;;13,98;1,4310;
;;;;;;;;;;36,44;1,3720;
;;;;;;;;;;40,59;1,3550;
;;;;;;;;;;147,6;1,3550;
;;;;;;;;;;37,61;1,3880;
;;;;;;;;;;12,83;1,3640;
;;;;;;;;;;65,65;1,3710;
;;;;;;;;;;18,05;1,3850;
;;;;;;;;;;69,12;1,3890;
;;;;;;;;;;47,52;1,3890;
;;;;;;;;;;181,82;1,3750;
;;;;;;;;;;45,33;1,4340;
;;;;;;;;;;40,43;1,3850;
;;;;;;;;;;447,65;1,3850;
;;;;;;;;;;94,34;1,3780;
;;;;;;;;;;43,54;1,3780;
;;;;;;;;;;25,51;1,3720;
;;;;;;;;;;45,61;1,3720;
;;;;;;;;;;88,56;1,3550;
;;;;;;;;;;147,6;1,3550;
;;;;;;;;;;22,06;1,3600;
;;;;;;;;;;65,25;1,3640;
;;;;;;;;;;52,52;1,3710;
;;;;;;;;;;250,73;1,3760;
;;;;;;;;;;143,99;1,3890;
;;;;;;;;;;19,44;1,3890;
;;;;;;;;;;21,6;1,3890;
;;;;;;;;;;87,27;1,3750;
;;;;;;;;;;334,55;1,3750;
;;;;;;;;;;14,44;1,3850;
;;;;;;;;;;76,53;1,3850;
;;;;;;;;;;38,46;1,3780;
;;;;;;;;;;36,44;1,3720;
;;;;;;;;;;156,71;1,3720;
;;;;;;;;;;43,73;1,3720;
;;;;;;;;;;14,76;1,3550;
;;;;;;;;;;44,12;1,3600;
;;;;;;;;;;32,99;1,3640;
;;;;;;;;;;35,8;1,3710;
;;;;;;;;;;134,45;1,3760;
;;;;;;;;;;28,8;1,3890;
;;;;;;;;;;33,84;1,3890;
;;;;;;;;;;10,8;1,3890;
;;;;;;;;;;94,55;1,3750;
;;;;;;;;;;53,43;1,3850;
;;;;;;;;;;36,82;1,3850;
;;;;;;;;;;72,57;1,3780;
;;;;;;;;;;72,57;1,3780;
;;;;;;;;;;72,89;1,3720;
;;;;;;;;;;35,71;1,3720;
;;;;;;;;;;36,9;1,3550;
;;;;;;;;;;456,83;1,3550;
;;;;;;;;;;40,07;1,3600;
;;;;;;;;;;51,79;1,3710;
;;;;;;;;;;49,42;1,3760;
;;;;;;;;;;41,44;1,4480;
;;;;;;;;;;61,2;1,3890;
;;;;;;;;;;42,48;1,3890;
;;;;;;;;;;50,91;1,3750;
;;;;;;;;;;86,64;1,3850;
;;;;;;;;;;216,61;1,3850;
;;;;;;;;;;36,29;1,3780;
;;;;;;;;;;14,51;1,3780;
;;;;;;;;;;72,89;1,3720;
;;;;;;;;;;145,77;1,3720;
;;;;;;;;;;26,57;1,3550;
;;;;;;;;;;35,42;1,3550;
;;;;;;;;;;5,26;1,3600;
;;;;;;;;;;54,25;1,3640;
;;;;;;;;;;23,98;1,3760;
;;;;;;;;;;28,88;1,3850;
;;;;;;;;;;64,8;1,3890;
;;;;;;;;;;51,12;1,3890;
;;;;;;;;;;56,73;1,3750;
;;;;;;;;;;36,36;1,3750;
;;;;;;;;;;108,3;1,3850;
;;;;;;;;;;43,32;1,3850;
;;;;;;;;;;36,29;1,3780;
;;;;;;;;;;273;1,3780;
;;;;;;;;;;72,89;1,3720;
;;;;;;;;;;48,11;1,3720;
;;;;;;;;;;147,6;1,3550;
;;;;;;;;;;114,39;1,3550;
;;;;;;;;;;110,29;1,3600;
;;;;;;;;;;71,11;1,3640;
;;;;;;;;;;21,88;1,3710;
;;;;;;;;;;72,2;1,3850;
;;;;;;;;;;131,03;1,3890;
;;;;;;;;;;50,4;1,3890;
;;;;;;;;;;71,99;1,3890;
;;;;;;;;;;29,09;1,3750;
;;;;;;;;;;43,64;1,3750;
;;;;;;;;;;35,38;1,3850;
;;;;;;;;;;51,99;1,3850;
;;;;;;;;;;181,42;1,3780;
;;;;;;;;;;9,96;1,4060;
;;;;;;;;;;120,26;1,3720;
;;;;;;;;;;43,73;1,3720;
;;;;;;;;;;29,16;1,3720;
;;;;;;;;;;40,59;1,3550;
;;;;;;;;;;56,62;1,3600;
;;;;;;;;;;54,99;1,3640;
;;;;;;;;;;62,73;1,3710;
;;;;;;;;;;21,8;1,3760;
;;;;;;;;;;36;1,3890;
;;;;;;;;;;34,56;1,3890;
;;;;;;;;;;14,4;1,3890;
;;;;;;;;;;14,55;1,3750;
;;;;;;;;;;280,87;1,3850;
;;;;;;;;;;21,66;1,3850;
;;;;;;;;;;72,57;1,3780;
;;;;;;;;;;131,2;1,3720;
;;;;;;;;;;87,46;1,3720;
;;;;;;;;;;98,4;1,3720;
;;;;;;;;;;38,38;1,3550;
;;;;;;;;;;61,26;1,3550;
;;;;;;;;;;146,63;1,3640;
;;;;;;;;;;32,82;1,3710;
;;;;;;;;;;36,34;1,3760;
;;;;;;;;;;41,04;1,3890;
;;;;;;;;;;12,6;1,3890;
;;;;;;;;;;64,8;1,3890;
;;;;;;;;;;116,36;1,3750;
;;;;;;;;;;90,25;1,3850;
;;;;;;;;;;34,87;1,3850;
;;;;;;;;;;36,29;1,3780;
;;;;;;;;;;21,77;1,3780;
;;;;;;;;;;141,4;1,3720;
;;;;;;;;;;37,17;1,3720;
;;;;;;;;;;147,6;1,3550;
;;;;;;;;;;66,42;1,3550;
;;;;;;;;;;264,71;1,3600;
;;;;;;;;;;72,94;1,3710;
;;;;;;;;;;20,91;1,4350;
;;;;;;;;;;64,8;1,3890;
;;;;;;;;;;12,6;1,3890;
;;;;;;;;;;129,59;1,3890;
;;;;;;;;;;254,55;1,3750;
;;;;;;;;;;648;1,3750;
;;;;;;;;;;144,4;1,3850;
;;;;;;;;;;65,7;1,3850;
;;;;;;;;;;72,57;1,3780;
;;;;;;;;;;145,14;1,3780;
;;;;;;;;;;103,19;1,3720;
;;;;;;;;;;69,24;1,3720;
;;;;;;;;;;25,83;1,3550;
;;;;;;;;;;31,73;1,3550;
;;;;;;;;;;48,53;1,3600;
;;;;;;;;;;43,15;1,3640;
;;;;;;;;;;109,01;1,3760;
;;;;;;;;;;36,1;1,3850;
;;;;;;;;;;303,82;1,3890;
;;;;;;;;;;36;1,3890;
;;;;;;;;;;68,73;1,3750;
;;;;;;;;;;26;1,4030;
;;;;;;;;;;98,92;1,3850;
;;;;;;;;;;86,64;1,3850;
;;;;;;;;;;14,51;1,3780;
;;;;;;;;;;413,64;1,3780;
;;;;;;;;;;47,38;1,3720;
;;;;;;;;;;145,77;1,3720;
;;;;;;;;;;36,9;1,3550;
;;;;;;;;;;73,8;1,3550;
;;;;;;;;;;257,35;1,3600;
;;;;;;;;;;4,4;1,3640;
;;;;;;;;;;21,88;1,3710;
;;;;;;;;;;23,26;1,3760;
;;;;;;;;;;41,76;1,3890;
;;;;;;;;;;21,6;1,3890;
;;;;;;;;;;67,68;1,3890;
;;;;;;;;;;58,91;1,3750;
;;;;;;;;;;109,09;1,3750;
;;;;;;;;;;21,66;1,3850;
;;;;;;;;;;41,88;1,3850;
;;;;;;;;;;44,27;1,3780;
;;;;;;;;;;72,57;1,3780;
;;;;;;;;;;44,46;1,3720;
;;;;;;;;;;43,73;1,3720;
;;;;;;;;;;52,48;1,3720;
;;;;;;;;;;45,02;1,3550;
;;;;;;;;;;44,12;1,3600;
;;;;;;;;;;41,42;1,3640;
;;;;;;;;;;211,89;1,3710;
;;;;;;;;;;72,67;1,3760;
;;;;;;;;;;14,4;1,3890;
;;;;;;;;;;93,59;1,3890;
;;;;;;;;;;37,44;1,3890;
;;;;;;;;;;46,55;1,3750;
;;;;;;;;;;25,27;1,3850;
;;;;;;;;;;50,54;1,3850;
;;;;;;;;;;36,29;1,3780;
;;;;;;;;;;47,17;1,3780;
;;;;;;;;;;52,48;1,3720;
;;;;;;;;;;26,6;1,3720;
;;;;;;;;;;29,52;1,3550;
;;;;;;;;;;14,76;1,3550;
;;;;;;;;;;87,98;1,3640;
;;;;;;;;;;51,79;1,3710;
;;;;;;;;;;21,8;1,3760;
;;;;;;;;;;79,91;1,3890;
;;;;;;;;;;51,12;1,3890;
;;;;;;;;;;87,47;1,3890;
;;;;;;;;;;23,27;1,3750;
;;;;;;;;;;86,64;1,3850;
;;;;;;;;;;33,21;1,3850;
;;;;;;;;;;34,11;1,3780;
;;;;;;;;;;13,79;1,3780;
;;;;;;;;;;344,02;1,3720;
;;;;;;;;;;21,87;1,3720;
;;;;;;;;;;22,14;1,3550;
;;;;;;;;;;45,02;1,3550;
;;;;;;;;;;90,44;1,3600;
;;;;;;;;;;131,29;1,3710;
;;;;;;;;;;43,61;1,3760;
;;;;;;;;;;59,4;1,3890;
;;;;;;;;;;28,8;1,3890;
;;;;;;;;;;21,6;1,3890;
;;;;;;;;;;152,73;1,3750;
;;;;;;;;;;58,91;1,3750;
;;;;;;;;;;39,71;1,3850;
;;;;;;;;;;5,58;1,3850;
;;;;;;;;;;41,36;1,3780;
;;;;;;;;;;484,04;1,3780;
;;;;;;;;;;40,09;1,3720;
;;;;;;;;;;54,67;1,3720;
;;;;;;;;;;36,16;1,3550;
;;;;;;;;;;88,56;1,3550;
;;;;;;;;;;22,06;1,3600;
;;;;;;;;;;109,97;1,3640;
;;;;;;;;;;5,84;1,3710;
;;;;;;;;;;47,65;1,3850;
;;;;;;;;;;36,83;1,4120;
;;;;;;;;;;57,6;1,3890;
;;;;;;;;;;28,8;1,3890;
;;;;;;;;;;70,43;1,4340;
;;;;;;;;;;51,27;1,3750;
;;;;;;;;;;21,66;1,3850;
;;;;;;;;;;59,56;1,4440;
;;;;;;;;;;108,85;1,3780;
;;;;;;;;;;44,99;1,3780;
;;;;;;;;;;18,22;1,3720;
;;;;;;;;;;28,43;1,3720;
;;;;;;;;;;36,44;1,3720;
;;;;;;;;;;88,56;1,3550;
;;;;;;;;;;30;1,3600;
;;;;;;;;;;65,98;1,3640;
;;;;;;;;;;35,01;1,3710;
;;;;;;;;;;127,91;1,3760;
;;;;;;;;;;21,6;1,3890;
;;;;;;;;;;107,99;1,3890;
;;;;;;;;;;28,8;1,3890;
;;;;;;;;;;31,27;1,3750;
;;;;;;;;;;43,64;1,3750;
;;;;;;;;;;108,3;1,3850;
;;;;;;;;;;47,65;1,3850;
;;;;;;;;;;25,4;1,3780;
;;;;;;;;;;72,89;1,3720;
;;;;;;;;;;31,34;1,3720;
;;;;;;;;;;51,02;1,3720;
;;;;;;;;;;41,33;1,3550;
;;;;;;;;;;29,41;1,3600;
;;;;;;;;;;63,78;1,3640;
;;;;;;;;;;72,58;1,3710;
;;;;;;;;;;29,07;1,3760;
;;;;;;;;;;8,64;1,3890;
;;;;;;;;;;60,89;1,3890;
;;;;;;;;;;36;1,3890;
;;;;;;;;;;261,82;1,3750;
;;;;;;;;;;144,4;1,3850;
;;;;;;;;;;153,79;1,3850;
;;;;;;;;;;44,27;1,3780;
;;;;;;;;;;72,57;1,3780;
;;;;;;;;;;0;1,3720;
;;;;;;;;;;30;1,3720;
;;;;;;;;;;52,4;1,3550;
;;;;;;;;;;42,43;1,4140;
;;;;;;;;;;73,53;1,3600;
;;;;;;;;;;21,88;1,3710;
;;;;;;;;;;64,68;1,3760;
;;;;;;;;;;21,6;1,3890;
;;;;;;;;;;57,92;1,3890;
;;;;;;;;;;86,39;1,3890;
;;;;;;;;;;549,09;1,3750;
;;;;;;;;;;45,82;1,3750;
;;;;;;;;;;236,82;1,3850;
;;;;;;;;;;21,66;1,3850;
;;;;;;;;;;36,29;1,3780;
;;;;;;;;;;33,38;1,3780;
;;;;;;;;;;57,58;1,3720;
;;;;;;;;;;72,89;1,3720;
;;;;;;;;;;73,8;1,3550;
;;;;;;;;;;48,71;1,3550;
;;;;;;;;;;49,27;1,3600;
;;;;;;;;;;146,63;1,3640;
;;;;;;;;;;54,05;1,3760;
;;;;;;;;;;48,38;1,3850;
;;;;;;;;;;143,99;1,3890;
;;;;;;;;;;23,76;1,3890;
;;;;;;;;;;44,9;1,4030;
;;;;;;;;;;72,73;1,3750;
;;;;;;;;;;38,01;1,3850;
;;;;;;;;;;43,32;1,3850;
;;;;;;;;;;87,08;1,3780;
;;;;;;;;;;36,29;1,3780;
;;;;;;;;;;35,71;1,3720;
;;;;;;;;;;132,65;1,3720;
;;;;;;;;;;110,7;1,3550;
;;;;;;;;;;46,5;1,3550;
;;;;;;;;;;110,29;1,3600;
;;;;;;;;;;109,97;1,3640;
;;;;;;;;;;14,59;1,3710;
;;;;;;;;;;60,32;1,3760;
;;;;;;;;;;71,99;1,3890;
;;;;;;;;;;37,44;1,3890;
;;;;;;;;;;43,92;1,3890;
;;;;;;;;;;80;1,3750;
;;;;;;;;;;37,09;1,3750;
;;;;;;;;;;21,66;1,3850;
;;;;;;;;;;79,42;1,3850;
;;;;;;;;;;72,57;1,3780;
;;;;;;;;;;108,85;1,3780;
;;;;;;;;;;21,87;1,3720;
;;;;;;;;;;56,6;1,4310;
;;;;;;;;;;341,84;1,3720;
;;;;;;;;;;121,77;1,3550;
;;;;;;;;;;51,47;1,3600;
;;;;;;;;;;38,86;1,3640;
;;;;;;;;;;131,29;1,3710;
;;;;;;;;;;34,88;1,3760;
;;;;;;;;;;259,18;1,3890;
;;;;;;;;;;43,2;1,3890;
;;;;;;;;;;40,32;1,3890;
;;;;;;;;;;49,46;1,3750;
;;;;;;;;;;31,77;1,3850;
;;;;;;;;;;144,4;1,3850;
;;;;;;;;;;159,65;1,3780;
;;;;;;;;;;21,77;1,3780;
;;;;;;;;;;61,95;1,3720;
;;;;;;;;;;25,51;1,3720;
;;;;;;;;;;37,64;1,3550;
;;;;;;;;;;73,8;1,3550;
;;;;;;;;;;73,31;1,3640;
;;;;;;;;;;303,43;1,3710;
;;;;;;;;;;24,71;1,3760;
;;;;;;;;;;44,64;1,3890;
;;;;;;;;;;51,84;1,3890;
;;;;;;;;;;21,6;1,3890;
;;;;;;;;;;70,43;1,4340;
;;;;;;;;;;36,1;1,3850;
;;;;;;;;;;34,66;1,3850;
;;;;;;;;;;14,51;1,3780;
;;;;;;;;;;7,26;1,3780;
;;;;;;;;;;69,24;1,3720;
;;;;;;;;;;72,89;1,3720;
;;;;;;;;;;73,8;1,3550;
;;;;;;;;;;73,8;1,3550;
;;;;;;;;;;58,82;1,3600;
;;;;;;;;;;42,31;1,3710;
;;;;;;;;;;196,22;1,3760;
;;;;;;;;;;107,99;1,3890;
;;;;;;;;;;21,25;1,4120;
;;;;;;;;;;56,16;1,3890;
;;;;;;;;;;40;1,3750;
;;;;;;;;;;261,82;1,3750;
;;;;;;;;;;72,2;1,3850;
;;;;;;;;;;72,2;1,3850;
;;;;;;;;;;192,31;1,3780;
;;;;;;;;;;39,91;1,3780;
;;;;;;;;;;72,89;1,3720;
;;;;;;;;;;109,33;1,3720;
;;;;;;;;;;68,27;1,3550;
;;;;;;;;;;110,7;1,3550;
;;;;;;;;;;87,5;1,3600;
;;;;;;;;;;179,62;1,3640;
;;;;;;;;;;36,47;1,3710;
;;;;;;;;;;33,21;1,3850;
;;;;;;;;;;71,99;1,3890;
;;;;;;;;;;33,84;1,3890;
;;;;;;;;;;36;1,3890;
;;;;;;;;;;30;1,3750;
;;;;;;;;;;5,09;1,3750;
;;;;;;;;;;115,52;1,3850;
;;;;;;;;;;45,49;1,3850;
;;;;;;;;;;63,86;1,3780;
;;;;;;;;;;37,74;1,3780;
;;;;;;;;;;37,9;1,3720;
;;;;;;;;;;41,93;1,4310;
;;;;;;;;;;51,02;1,3720;
;;;;;;;;;;64,21;1,3550;
;;;;;;;;;;65,44;1,3600;
;;;;;;;;;;68,92;1,3640;
;;;;;;;;;;30,93;1,3710;
;;;;;;;;;;41,42;1,3760;
;;;;;;;;;;10,69;1,3890;
;;;;;;;;;;54;1,3890;
;;;;;;;;;;43,2;1,3890;
;;;;;;;;;;28,36;1,3750;
;;;;;;;;;;387,64;1,3750;
;;;;;;;;;;133,57;1,3850;
;;;;;;;;;;80,14;1,3850;
;;;;;;;;;;30;1,3780;
;;;;;;;;;;247,81;1,3720;
;;;;;;;;;;36,44;1,3720;
;;;;;;;;;;39,72;1,3720;
;;;;;;;;;;47,23;1,3550;
;;;;;;;;;;61,77;1,3600;
;;;;;;;;;;440,62;1,3640;
;;;;;;;;;;72,94;1,3710;
;;;;;;;;;;36,34;1,3760;
;;;;;;;;;;52,66;1,3890;
;;;;;;;;;;36;1,3890;
;;;;;;;;;;43,2;1,3890;
;;;;;;;;;;45,82;1,3750;
;;;;;;;;;;30;1,3850;
;;;;;;;;;;31,77;1,3850;
;;;;;;;;;;14,51;1,3780;
;;;;;;;;;;21,77;1,3780;
;;;;;;;;;;43;1,3720;
;;;;;;;;;;145,77;1,3720;
;;;;;;;;;;51,66;1,3550;
;;;;;;;;;;5,28;1,3550;
;;;;;;;;;;44,12;1,3600;
;;;;;;;;;;65,65;1,3710;
;;;;;;;;;;47,97;1,3760;
;;;;;;;;;;71,99;1,3890;
;;;;;;;;;;86,39;1,3890;
;;;;;;;;;;42,59;1,3890;
;;;;;;;;;;58,91;1,3750;
;;;;;;;;;;62,55;1,3750;
;;;;;;;;;;86,64;1,3850;
;;;;;;;;;;34,3;1,3850;
;;;;;;;;;;145,14;1,3780;
;;;;;;;;;;40,64;1,3780;
;;;;;;;;;;14,58;1,3720;
;;;;;;;;;;25;1,4000;
;;;;;;;;;;36,9;1,3550;
;;;;;;;;;;22,14;1,3550;
;;;;;;;;;;98,53;1,3600;
;;;;;;;;;;12,83;1,3640;
;;;;;;;;;;130,81;1,3760;
;;;;;;;;;;61,37;1,3850;
;;;;;;;;;;141,11;1,3890;
;;;;;;;;;;42,48;1,3890;
;;;;;;;;;;45,82;1,3750;
;;;;;;;;;;21,82;1,3750;
;;;;;;;;;;46,21;1,3850;
;;;;;;;;;;96,03;1,3850;
;;;;;;;;;;37,01;1,3780;
;;;;;;;;;;298,98;1,3780;
;;;;;;;;;;40,09;1,3720;
;;;;;;;;;;109,33;1,3720;
;;;;;;;;;;138,75;1,3550;
;;;;;;;;;;80,44;1,3550;
;;;;;;;;;;59,93;1,3600;
;;;;;;;;;;80,65;1,3640;
;;;;;;;;;;14,59;1,3710;
;;;;;;;;;;44,32;1,4440;
;;;;;;;;;;21,6;1,3890;
;;;;;;;;;;51,84;1,3890;
;;;;;;;;;;80,63;1,3890;
;;;;;;;;;;109,09;1,3750;
;;;;;;;;;;69,82;1,3750;
;;;;;;;;;;36,1;1,3850;
;;;;;;;;;;108,3;1,3850;
;;;;;;;;;;21,77;1,3780;
;;;;;;;;;;10,89;1,3780;
;;;;;;;;;;65,6;1,3720;
;;;;;;;;;;56,12;1,3720;
;;;;;;;;;;55,39;1,3720;
;;;;;;;;;;57,57;1,3550;
;;;;;;;;;;48,53;1,3600;
;;;;;;;;;;21,99;1,3640;
;;;;;;;;;;145,88;1,3710;
;;;;;;;;;;21,8;1,3760;
;;;;;;;;;;187,19;1,3890;
;;;;;;;;;;28,8;1,3890;
;;;;;;;;;;41,04;1,3890;
;;;;;;;;;;130,91;1,3750;
;;;;;;;;;;46,21;1,3850;
;;;;;;;;;;28,88;1,3850;
;;;;;;;;;;92,27;1,3780;
;;;;;;;;;;262,39;1,3720;
;;;;;;;;;;580,18;1,3720;
;;;;;;;;;;56,12;1,3720;
;;;;;;;;;;36,9;1,3550;
;;;;;;;;;;73,8;1,3550;
;;;;;;;;;;146,63;1,3640;
;;;;;;;;;;21,88;1,3710;
;;;;;;;;;;45,9;1,3760;
;;;;;;;;;;16,56;1,3890;
;;;;;;;;;;14,4;1,3890;
;;;;;;;;;;93,59;1,3890;
;;;;;;;;;;72,73;1,3750;
;;;;;;;;;;47,65;1,3850;
;;;;;;;;;;24,55;1,3850;
;;;;;;;;;;87,08;1,3780;
;;;;;;;;;;71,84;1,3780;
;;;;;;;;;;52,48;1,3720;
;;;;;;;;;;10,2;1,3720;
;;;;;;;;;;70,11;1,3550;
;;;;;;;;;;62,73;1,3550;
;;;;;;;;;;73,53;1,3600;
;;;;;;;;;;13,13;1,3710;
;;;;;;;;;;38,52;1,3760;
;;;;;;;;;;129,59;1,3890;
;;;;;;;;;;28,8;1,3890;
;;;;;;;;;;58,7;1,4480;
;;;;;;;;;;21,82;1,3750;
;;;;;;;;;;72,73;1,3750;
;;;;;;;;;;72,2;1,3850;
;;;;;;;;;;42,6;1,3850;
V;101;FCL;X-19;;;20140701;2;D;;53,19;1,4100;
;;;;;;;;;;266,34;1,4080;
;;;;;;;;;;45,46;1,3640;
;;;;;;;;;;324,91;1,3850;
;;;;;;;;;;52,71;1,3850;
;;;;;;;;;;34,53;1,4480;
;;;;;;;;;;43,42;1,3820;
;;;;;;;;;;70,82;1,4120;
;;;;;;;;;;51,06;1,3710;
;;;;;;;;;;70,72;1,4140;
;;;;;;;;;;13,85;1,4440;
;;;;;;;;;;28,45;1,4060;
;;;;;;;;;;194,38;1,3890;
;;;;;;;;;;85,11;1,4100;
;;;;;;;;;;138,5;1,4440;
;;;;;;;;;;79,25;1,3880;
;;;;;;;;;;21,68;1,3840;
;;;;;;;;;;173,29;1,3850;
;;;;;;;;;;143,99;1,3890;
;;;;;;;;;;274,96;1,3820;
;;;;;;;;;;169,97;1,4120;
;;;;;;;;;;196,94;1,3710;
;;;;;;;;;;110,7;1,3550;
;;;;;;;;;;41,55;1,4440;
;;;;;;;;;;20,78;1,4440;
;;;;;;;;;;14,16;1,4120;
;;;;;;;;;;20,82;1,4410;
;;;;;;;;;;46,93;1,3850;
;;;;;;;;;;57,64;1,3880;
;;;;;;;;;;132,23;1,3840;
;;;;;;;;;;46,93;1,3850;
;;;;;;;;;;21,82;1,3750;
;;;;;;;;;;102,9;1,4480;
;;;;;;;;;;85,23;1,4080;
;;;;;;;;;;328,41;1,3550;
;;;;;;;;;;151,63;1,3850;
;;;;;;;;;;96,95;1,4440;
;;;;;;;;;;7,08;1,4120;
;;;;;;;;;;6,94;1,4410;
;;;;;;;;;;397,11;1,3850;
;;;;;;;;;;55,94;1,4300;
;;;;;;;;;;28,29;1,4140;
;;;;;;;;;;158,61;1,4060;
;;;;;;;;;;32,01;1,4060;
;;;;;;;;;;36;1,3890;
V;101;FCL;X-20;;;20140701;2;D;;66,01;1,3710;
V;101;FCL;X-21;;;20140701;2;D;;14,23;1,4060;
;;;;;;;;;;3,79;1,3980;
;;;;;;;;;;4,99;1,4030;
;;;;;;;;;;24,19;1,3640;
;;;;;;;;;;21,38;1,4030;
;;;;;;;;;;16,62;1,3840;
;;;;;;;;;;10,71;1,4000;
;;;;;;;;;;14,4;1,3890;
;;;;;;;;;;43,54;1,3780;
;;;;;;;;;;13,72;1,3850;
;;;;;;;;;;21,38;1,4030;
;;;;;;;;;;5,11;1,3710;
;;;;;;;;;;7,27;1,3750;
;;;;;;;;;;10,29;1,3600;
;;;;;;;;;;9,46;1,3750;
;;;;;;;;;;22,14;1,3550;
;;;;;;;;;;6,84;1,3890;
;;;;;;;;;;14,29;1,4000;
;;;;;;;;;;2,16;1,3890;
;;;;;;;;;;12,34;1,3780;
;;;;;;;;;;7,27;1,3760;
;;;;;;;;;;28,88;1,3850;
;;;;;;;;;;45,22;1,3710;
;;;;;;;;;;29,09;1,3750;
;;;;;;;;;;33,21;1,3550;
;;;;;;;;;;2,19;1,3720;
;;;;;;;;;;5,04;1,3890;
;;;;;;;;;;5,81;1,3780;
;;;;;;;;;;9,92;1,4120;
;;;;;;;;;;15,16;1,3850;
;;;;;;;;;;36,34;1,3760;
;;;;;;;;;;20,22;1,4340;
;;;;;;;;;;27,21;1,3600;
;;;;;;;;;;14,55;1,3750;
;;;;;;;;;;7,23;1,3840;
;;;;;;;;;;36;1,3890;
;;;;;;;;;;6,31;1,3720;
;;;;;;;;;;4,96;1,4120;
;;;;;;;;;;22,5;1,3780;
;;;;;;;;;;36,34;1,3760;
;;;;;;;;;;46,75;1,4440;
;;;;;;;;;;12,76;1,3710;
;;;;;;;;;;12,73;1,3750;
;;;;;;;;;;11,56;1,3840;
;;;;;;;;;;19,68;1,3720;
;;;;;;;;;;15,84;1,3890;
;;;;;;;;;;18,49;1,4060;
;;;;;;;;;;42,13;1,4480;
;;;;;;;;;;13;1,3850;
;;;;;;;;;;21,8;1,3760;
;;;;;;;;;;17,82;1,4030;
;;;;;;;;;;22,06;1,3600;
;;;;;;;;;;14,55;1,3750;
;;;;;;;;;;3,69;1,3550;
;;;;;;;;;;14,29;1,4000;
;;;;;;;;;;18;1,3890;
;;;;;;;;;;13,79;1,3780;
;;;;;;;;;;0,72;1,3850;
;;;;;;;;;;44,19;1,4030;
;;;;;;;;;;36,47;1,3710;
;;;;;;;;;;53,09;1,3750;
;;;;;;;;;;12,97;1,3880;
;;;;;;;;;;18,18;1,3750;
;;;;;;;;;;7,38;1,3550;
;;;;;;;;;;18;1,3890;
;;;;;;;;;;21,77;1,3780;
;;;;;;;;;;21,6;1,3890;
V;101;FCL;X-22;;;20140701;2;D;;25,51;1,3720;
;;;;;;;;;;41,93;1,4310;
;;;;;;;;;;14,16;1,4120;
;;;;;;;;;;29,16;1,3720;
;;;;;;;;;;43,2;1,3890;
;;;;;;;;;;34,68;1,3840;
;;;;;;;;;;36;1,3890;
;;;;;;;;;;22,14;1,3550;
;;;;;;;;;;71,27;1,3890;
;;;;;;;;;;22,14;1,3550;
;;;;;;;;;;29,52;1,3890;
;;;;;;;;;;32,47;1,3550;
;;;;;;;;;;40,06;1,4480;
;;;;;;;;;;22,14;1,3550;
;;;;;;;;;;22,06;1,3600;
;;;;;;;;;;22,06;1,3600;
;;;;;;;;;;14,66;1,3640;
;;;;;;;;;;14,41;1,3880;
;;;;;;;;;;34,65;1,3710;
;;;;;;;;;;21,88;1,3710;
;;;;;;;;;;21,88;1,3710;
;;;;;;;;;;21,8;1,3760;
;;;;;;;;;;7,15;1,3980;
;;;;;;;;;;12,72;1,3760;
;;;;;;;;;;28,88;1,3850;
;;;;;;;;;;29,82;1,3750;
;;;;;;;;;;41,44;1,4480;
;;;;;;;;;;29,09;1,3750;
;;;;;;;;;;14,55;1,3750;
;;;;;;;;;;47,27;1,3750;
;;;;;;;;;;14,44;1,3850;
;;;;;;;;;;42,09;1,3780;
;;;;;;;;;;14,44;1,3850;
;;;;;;;;;;41;1,3780;
;;;;;;;;;;70,76;1,3850;
;;;;;;;;;;14,51;1,3780;
;;;;;;;;;;12,64;1,3850;
;;;;;;;;;;21,87;1,3720;
;;;;;;;;;;49,1;1,3850;
;;;;;;;;;;36,44;1,3720;
;;;;;;;;;;14,51;1,3780;
;;;;;;;;;;36,44;1,3720;
;;;;;;;;;;21,87;1,3720;
;;;;;;;;;;3,57;1,4000;
;;;;;;;;;;14,4;1,3890;
;;;;;;;;;;21,87;1,3720;
;;;;;;;;;;65,16;1,3890;
;;;;;;;;;;40,59;1,3550;
;;;;;;;;;;46,96;1,4480;
;;;;;;;;;;21,68;1,3840;
;;;;;;;;;;52,84;1,3890;
;;;;;;;;;;22,14;1,3550;
;;;;;;;;;;25,2;1,3890;
;;;;;;;;;;47,97;1,3550;
;;;;;;;;;;12,6;1,3890;
;;;;;;;;;;14,76;1,3550;
;;;;;;;;;;32,1;1,3550;
;;;;;;;;;;38,6;1,3600;
;;;;;;;;;;59,38;1,3640;
;;;;;;;;;;21,99;1,3640;
;;;;;;;;;;18,01;1,3880;
;;;;;;;;;;21,88;1,3710;
;;;;;;;;;;21,88;1,3710;
;;;;;;;;;;36,47;1,3710;
;;;;;;;;;;21,46;1,3980;
;;;;;;;;;;12,72;1,3760;
;;;;;;;;;;14,44;1,3850;
;;;;;;;;;;29,09;1,3750;
;;;;;;;;;;36;1,3890;
;;;;;;;;;;14,26;1,4030;
;;;;;;;;;;14,55;1,3750;
;;;;;;;;;;25,46;1,3750;
;;;;;;;;;;14,44;1,3850;
;;;;;;;;;;14,51;1,3780;
;;;;;;;;;;14,26;1,4030;
;;;;;;;;;;12,7;1,3780;
;;;;;;;;;;49,1;1,3850;
;;;;;;;;;;14,51;1,3780;
;;;;;;;;;;12,64;1,3850;
;;;;;;;;;;37,01;1,3780;
;;;;;;;;;;40,54;1,4060;
;;;;;;;;;;7,29;1,3720;
;;;;;;;;;;25,4;1,3780;
;;;;;;;;;;29,16;1,3720;
;;;;;;;;;;45,92;1,3720;
;;;;;;;;;;27,95;1,4310;
;;;;;;;;;;27,62;1,4480;
;;;;;;;;;;14,58;1,3720;
;;;;;;;;;;14,4;1,3890;
;;;;;;;;;;32,07;1,3720;
;;;;;;;;;;12,6;1,3890;
;;;;;;;;;;14,76;1,3550;
;;;;;;;;;;54;1,3890;
;;;;;;;;;;7,01;1,3550;
;;;;;;;;;;10,62;1,4120;
;;;;;;;;;;25,83;1,3550;
;;;;;;;;;;42,48;1,3890;
;;;;;;;;;;36,9;1,3550;
;;;;;;;;;;44,28;1,3550;
;;;;;;;;;;28,68;1,3600;
;;;;;;;;;;21,99;1,3640;
;;;;;;;;;;14,41;1,3880;
;;;;;;;;;;36,47;1,3710;
;;;;;;;;;;29,18;1,3710;
;;;;;;;;;;21,88;1,3710;
;;;;;;;;;;14,59;1,3710;
;;;;;;;;;;66,86;1,3760;
;;;;;;;;;;21,8;1,3760;
;;;;;;;;;;17,76;1,4080;
;;;;;;;;;;14,55;1,3750;
;;;;;;;;;;21,31;1,4080;
;;;;;;;;;;14,26;1,4030;
;;;;;;;;;;29,09;1,3750;
;;;;;;;;;;50,91;1,3750;
;;;;;;;;;;28,88;1,3850;
;;;;;;;;;;54,87;1,3850;
;;;;;;;;;;14,51;1,3780;
;;;;;;;;;;39,71;1,3850;
;;;;;;;;;;66,04;1,3780;
;;;;;;;;;;6,42;1,4030;
;;;;;;;;;;11,61;1,3780;
;;;;;;;;;;18,05;1,3850;
;;;;;;;;;;29,16;1,3720;
;;;;;;;;;;21,34;1,4060;
;;;;;;;;;;49,62;1,4310;
;;;;;;;;;;47,17;1,3780;
;;;;;;;;;;21,87;1,3720;
;;;;;;;;;;18,95;1,3720;
;;;;;;;;;;8,5;1,4120;
;;;;;;;;;;21,43;1,4000;
;;;;;;;;;;18;1,3890;
;;;;;;;;;;39,36;1,3720;
;;;;;;;;;;25,92;1,3890;
;;;;;;;;;;3,32;1,3550;
;;;;;;;;;;54,72;1,3890;
;;;;;;;;;;29,52;1,3550;
;;;;;;;;;;36;1,3890;
;;;;;;;;;;4,43;1,3550;
;;;;;;;;;;48,34;1,4480;
;;;;;;;;;;25,83;1,3550;
;;;;;;;;;;21,6;1,3890;
;;;;;;;;;;12,65;1,3840;
;;;;;;;;;;22,06;1,3600;
;;;;;;;;;;14,41;1,3880;
;;;;;;;;;;14,41;1,3880;
;;;;;;;;;;218,82;1,3710;
;;;;;;;;;;4,04;1,3880;
;;;;;;;;;;43,76;1,3710;
;;;;;;;;;;53,98;1,3710;
;;;;;;;;;;14,31;1,3980;
;;;;;;;;;;36,34;1,3760;
;;;;;;;;;;14,44;1,3850;
;;;;;;;;;;26,43;1,3850;
;;;;;;;;;;29,09;1,3750;
;;;;;;;;;;28,8;1,3890;
;;;;;;;;;;31,27;1,3750;
;;;;;;;;;;12,73;1,3750;
;;;;;;;;;;54,15;1,3850;
;;;;;;;;;;14,26;1,4030;
;;;;;;;;;;40,64;1,3780;
;;;;;;;;;;16,61;1,3850;
;;;;;;;;;;36,29;1,3780;
;;;;;;;;;;14,26;1,4030;
;;;;;;;;;;14,51;1,3780;
;;;;;;;;;;21,66;1,3850;
;;;;;;;;;;21,43;1,4000;
;;;;;;;;;;57,33;1,3780;
;;;;;;;;;;12,76;1,3720;
;;;;;;;;;;21,87;1,3720;
;;;;;;;;;;48,83;1,3720;
;;;;;;;;;;44,46;1,3720;
;;;;;;;;;;21,6;1,3890;
;;;;;;;;;;36,44;1,3720;
;;;;;;;;;;14,4;1,3890;
;;;;;;;;;;36,9;1,3550;
;;;;;;;;;;14,4;1,3890;
;;;;;;;;;;24,72;1,3550;
;;;;;;;;;;25,92;1,3890;
;;;;;;;;;;18,06;1,3840;
;;;;;;;;;;21,6;1,3890;
;;;;;;;;;;44,28;1,3550;
;;;;;;;;;;21,6;1,3890;
;;;;;;;;;;22,88;1,3550;
;;;;;;;;;;29,41;1,3600;
;;;;;;;;;;33,09;1,3600;
;;;;;;;;;;36,74;1,3880;
;;;;;;;;;;39,96;1,3640;
;;;;;;;;;;56,89;1,3710;
;;;;;;;;;;29,18;1,3710;
;;;;;;;;;;37,2;1,3710;
;;;;;;;;;;69,04;1,3760;
;;;;;;;;;;49,42;1,3760;
;;;;;;;;;;21,8;1,3760;
;;;;;;;;;;12,64;1,3850;
;;;;;;;;;;29,09;1,3750;
;;;;;;;;;;7,2;1,3890;
;;;;;;;;;;29,09;1,3750;
;;;;;;;;;;14,55;1,3750;
;;;;;;;;;;14,55;1,3750;
;;;;;;;;;;21,66;1,3850;
;;;;;;;;;;52,25;1,3780;
;;;;;;;;;;50,54;1,3850;
;;;;;;;;;;55,15;1,3780;
;;;;;;;;;;14,44;1,3850;
;;;;;;;;;;29,03;1,3780;
;;;;;;;;;;17,78;1,4060;
;;;;;;;;;;29,16;1,3720;
;;;;;;;;;;12,64;1,3850;
;;;;;;;;;;21,87;1,3720;
;;;;;;;;;;47,17;1,3780;
;;;;;;;;;;34,99;1,3720;
;;;;;;;;;;28,57;1,4000;
;;;;;;;;;;21,6;1,3890;
;;;;;;;;;;56,85;1,3720;
;;;;;;;;;;36;1,3890;
;;;;;;;;;;36,9;1,3550;
;;;;;;;;;;35,54;1,3890;
;;;;;;;;;;21,22;1,4140;
;;;;;;;;;;27;1,3890;
;;;;;;;;;;7,23;1,3840;
;;;;;;;;;;21,25;1,4120;
;;;;;;;;;;22,14;1,3550;
;;;;;;;;;;36;1,3890;
;;;;;;;;;;11,07;1,3550;
;;;;;;;;;;34,93;1,3600;
;;;;;;;;;;14,71;1,3600;
;;;;;;;;;;21,99;1,3640;
;;;;;;;;;;36,66;1,3640;
;;;;;;;;;;9,48;1,3710;
;;;;;;;;;;14,59;1,3710;
;;;;;;;;;;43,76;1,3710;
;;;;;;;;;;38,52;1,3760;
;;;;;;;;;;21,8;1,3760;
;;;;;;;;;;21,8;1,3760;
;;;;;;;;;;36,1;1,3850;
;;;;;;;;;;21,82;1,3750;
;;;;;;;;;;35,41;1,4120;
;;;;;;;;;;21,38;1,4030;
;;;;;;;;;;36,36;1,3750;
;;;;;;;;;;21,82;1,3750;
;;;;;;;;;;21,66;1,3850;
;;;;;;;;;;29,75;1,3780;
;;;;;;;;;;21,66;1,3850;
;;;;;;;;;;39,19;1,3780;
;;;;;;;;;;14,44;1,3850;
;;;;;;;;;;21,77;1,3780;
;;;;;;;;;;7,22;1,3850;
;;;;;;;;;;26,49;1,3780;
;;;;;;;;;;21,66;1,3850;
;;;;;;;;;;37,17;1,3720;
;;;;;;;;;;15,65;1,4060;
;;;;;;;;;;29,16;1,3720;
;;;;;;;;;;21,87;1,3720;
;;;;;;;;;;14,58;1,3720;
;;;;;;;;;;14,4;1,3890;
;;;;;;;;;;43,73;1,3720;
;;;;;;;;;;43,2;1,3890;
;;;;;;;;;;31;1,3550;
;;;;;;;;;;25,2;1,3890;
;;;;;;;;;;28,9;1,3840;
;;;;;;;;;;14,4;1,3890;
;;;;;;;;;;36,9;1,3550;
;;;;;;;;;;14,16;1,4120;
;;;;;;;;;;22,14;1,3550;
;;;;;;;;;;7,2;1,3890;
;;;;;;;;;;47,97;1,3550;
;;;;;;;;;;19,19;1,3550;
;;;;;;;;;;22,06;1,3600;
;;;;;;;;;;14,66;1,3640;
;;;;;;;;;;36,66;1,3640;
;;;;;;;;;;51,06;1,3710;
;;;;;;;;;;14,59;1,3710;
;;;;;;;;;;40,85;1,3710;
;;;;;;;;;;43,76;1,3710;
;;;;;;;;;;14,31;1,3980;
;;;;;;;;;;7,27;1,3760;
;;;;;;;;;;21,66;1,3850;
;;;;;;;;;;25,46;1,3750;
;;;;;;;;;;28,88;1,3850;
;;;;;;;;;;14,55;1,3750;
;;;;;;;;;;40,73;1,3750;
;;;;;;;;;;46,55;1,3750;
;;;;;;;;;;21,66;1,3850;
;;;;;;;;;;43,32;1,3850;
;;;;;;;;;;14,23;1,4060;
;;;;;;;;;;28,88;1,3850;
;;;;;;;;;;12,09;1,4060;
;;;;;;;;;;21,38;1,4030;
;;;;;;;;;;14,51;1,3780;
;;;;;;;;;;21,66;1,3850;
;;;;;;;;;;14,29;1,4000;
;;;;;;;;;;39,19;1,3780;
;;;;;;;;;;44,46;1,3720;
;;;;;;;;;;48,11;1,3720;
;;;;;;;;;;36,44;1,3720;
;;;;;;;;;;10,8;1,3890;
;;;;;;;;;;43,73;1,3720;
;;;;;;;;;;18;1,3890;
;;;;;;;;;;36,44;1,3720;
;;;;;;;;;;14,4;1,3890;
;;;;;;;;;;27,68;1,3550;
;;;;;;;;;;71,99;1,3890;
;;;;;;;;;;14,76;1,3550;
;;;;;;;;;;36,72;1,3890;
;;;;;;;;;;45,52;1,3840;
;;;;;;;;;;28,8;1,3890;
;;;;;;;;;;7,38;1,3550;
;;;;;;;;;;18,45;1,3550;
;;;;;;;;;;22,06;1,3600;
;;;;;;;;;;65,98;1,3640;
;;;;;;;;;;36,66;1,3640;
;;;;;;;;;;12,76;1,3710;
;;;;;;;;;;25,53;1,3710;
;;;;;;;;;;73,43;1,4300;
;;;;;;;;;;36,47;1,3710;
;;;;;;;;;;36,34;1,3760;
;;;;;;;;;;14,54;1,3760;
;;;;;;;;;;14,44;1,3850;
;;;;;;;;;;11,91;1,3850;
;;;;;;;;;;21,82;1,3750;
;;;;;;;;;;21,6;1,3890;
;;;;;;;;;;34,91;1,3750;
;;;;;;;;;;14,55;1,3750;
;;;;;;;;;;36,1;1,3850;
;;;;;;;;;;14,26;1,4030;
;;;;;;;;;;7,26;1,3780;
;;;;;;;;;;10,83;1,3850;
;;;;;;;;;;7,11;1,4060;
;;;;;;;;;;20,58;1,3850;
;;;;;;;;;;14,51;1,3780;
;;;;;;;;;;49,1;1,3850;
;;;;;;;;;;14,29;1,4000;
;;;;;;;;;;16,69;1,3780;
;;;;;;;;;;41,93;1,4310;
;;;;;;;;;;19,59;1,3780;
;;;;;;;;;;44,46;1,3720;
;;;;;;;;;;14,58;1,3720;
;;;;;;;;;;21,87;1,3720;
;;;;;;;;;;18;1,3890;
;;;;;;;;;;29,16;1,3720;
;;;;;;;;;;14,16;1,4120;
;;;;;;;;;;30,35;1,3840;
;;;;;;;;;;28,8;1,3890;
;;;;;;;;;;29,52;1,3550;
;;;;;;;;;;25,2;1,3890;
;;;;;;;;;;18,06;1,3840;
;;;;;;;;;;25,92;1,3890;
;;;;;;;;;;44,28;1,3550;
;;;;;;;;;;27,72;1,3890;
;;;;;;;;;;14,76;1,3550;
;;;;;;;;;;29,41;1,3600;
;;;;;;;;;;36,77;1,3600;
;;;;;;;;;;14,66;1,3640;
;;;;;;;;;;39,63;1,3880;
;;;;;;;;;;7,29;1,3710;
;;;;;;;;;;14,59;1,3710;
;;;;;;;;;;43,76;1,3710;
;;;;;;;;;;29,07;1,3760;
;;;;;;;;;;33,07;1,3760;
;;;;;;;;;;21,8;1,3760;
;;;;;;;;;;28,41;1,4080;
;;;;;;;;;;59,64;1,3750;
;;;;;;;;;;34,56;1,3890;
;;;;;;;;;;21,82;1,3750;
;;;;;;;;;;14,55;1,3750;
;;;;;;;;;;21,82;1,3750;
;;;;;;;;;;18,05;1,3850;
;;;;;;;;;;14,51;1,3780;
;;;;;;;;;;14,44;1,3850;
;;;;;;;;;;29,03;1,3780;
;;;;;;;;;;14,44;1,3850;
;;;;;;;;;;53,7;1,3780;
;;;;;;;;;;25,27;1,3850;
;;;;;;;;;;14,58;1,3720;
;;;;;;;;;;14,23;1,4060;
;;;;;;;;;;53,94;1,3720;
;;;;;;;;;;48,83;1,3720;
;;;;;;;;;;48,98;1,3720;
;;;;;;;;;;36;1,3890;
;;;;;;;;;;30,98;1,3720;
;;;;;;;;;;14,4;1,3890;
;;;;;;;;;;7,38;1,3550;
;;;;;;;;;;50,4;1,3890;
;;;;;;;;;;12,65;1,3840;
;;;;;;;;;;22,8;1,3890;
;;;;;;;;;;14,45;1,3840;
;;;;;;;;;;21,6;1,3890;
;;;;;;;;;;36,9;1,3550;
;;;;;;;;;;43,2;1,3890;
;;;;;;;;;;14,76;1,3550;
;;;;;;;;;;36,77;1,3600;
;;;;;;;;;;22,06;1,3600;
;;;;;;;;;;29,33;1,3640;
;;;;;;;;;;32,42;1,3880;
;;;;;;;;;;21,88;1,3710;
;;;;;;;;;;71,85;1,3710;
;;;;;;;;;;41,72;1,3710;
;;;;;;;;;;36,34;1,3760;
;;;;;;;;;;33,98;1,3980;
;;;;;;;;;;14,54;1,3760;
;;;;;;;;;;12,43;1,4080;
;;;;;;;;;;14,55;1,3750;
;;;;;;;;;;35,41;1,4120;
;;;;;;;;;;41,46;1,3750;
;;;;;;;;;;53,82;1,3750;
;;;;;;;;;;12,73;1,3750;
;;;;;;;;;;41,52;1,3850;
;;;;;;;;;;18,14;1,3780;
;;;;;;;;;;39,71;1,3850;
;;;;;;;;;;42,67;1,4060;
;;;;;;;;;;13,07;1,3850;
;;;;;;;;;;21,77;1,3780;
;;;;;;;;;;21,66;1,3850;
;;;;;;;;;;21,87;1,3720;
;;;;;;;;;;28,88;1,3850;
;;;;;;;;;;51,02;1,3720;
;;;;;;;;;;41,06;1,4370;
;;;;;;;;;;25,51;1,3720;
;;;;;;;;;;14,58;1,3720;
;;;;;;;;;;34,29;1,4000;
;;;;;;;;;;24,79;1,4120;
;;;;;;;;;;36,44;1,3720;
;;;;;;;;;;14,16;1,4120;
;;;;;;;;;;36,9;1,3550;
;;;;;;;;;;44,64;1,3890;
;;;;;;;;;;21,68;1,3840;
;;;;;;;;;;21,6;1,3890;
;;;;;;;;;;22,14;1,3550;
;;;;;;;;;;21,6;1,3890;
;;;;;;;;;;38,38;1,3550;
;;;;;;;;;;36;1,3890;
;;;;;;;;;;5,06;1,3840;
;;;;;;;;;;54,61;1,3550;
;;;;;;;;;;40,44;1,3600;
;;;;;;;;;;21,99;1,3640;
;;;;;;;;;;36,66;1,3640;
;;;;;;;;;;14,59;1,3710;
;;;;;;;;;;36,47;1,3710;
;;;;;;;;;;43,76;1,3710;
;;;;;;;;;;53,25;1,3710;
;;;;;;;;;;14,54;1,3760;
;;;;;;;;;;45,06;1,3760;
;;;;;;;;;;21,66;1,3850;
;;;;;;;;;;65,46;1,3750;
;;;;;;;;;;14,16;1,4120;
;;;;;;;;;;29,09;1,3750;
;;;;;;;;;;50,91;1,3750;
;;;;;;;;;;29,09;1,3750;
;;;;;;;;;;21,66;1,3850;
;;;;;;;;;;29,03;1,3780;
;;;;;;;;;;39,2;1,4030;
;;;;;;;;;;17,07;1,4060;
;;;;;;;;;;21,66;1,3850;
;;;;;;;;;;29,03;1,3780;
;;;;;;;;;;6,86;1,3850;
;;;;;;;;;;14,51;1,3780;
;;;;;;;;;;7,22;1,3850;
;;;;;;;;;;21,87;1,3720;
;;;;;;;;;;14,51;1,3780;
;;;;;;;;;;43,73;1,3720;
;;;;;;;;;;29,16;1,3720;
;;;;;;;;;;14,29;1,4000;
;;;;;;;;;;36;1,3890;
;;;;;;;;;;14,58;1,3720;
;;;;;;;;;;28,8;1,3890;
;;;;;;;;;;43,73;1,3720;
;;;;;;;;;;28,8;1,3890;
;;;;;;;;;;3,61;1,3840;
;;;;;;;;;;14,4;1,3890;
;;;;;;;;;;44,28;1,3550;
;;;;;;;;;;10,8;1,3890;
;;;;;;;;;;36,9;1,3550;
;;;;;;;;;;21,6;1,3890;
;;;;;;;;;;5,06;1,3840;
;;;;;;;;;;36,9;1,3550;
;;;;;;;;;;36,77;1,3600;
;;;;;;;;;;56,45;1,3640;
;;;;;;;;;;10,81;1,3880;
;;;;;;;;;;37,93;1,3710;
;;;;;;;;;;7,29;1,3710;
;;;;;;;;;;36,47;1,3710;
;;;;;;;;;;31,36;1,3710;
;;;;;;;;;;12,52;1,3980;
;;;;;;;;;;13,81;1,3760;
;;;;;;;;;;36,1;1,3850;
;;;;;;;;;;29,09;1,3750;
;;;;;;;;;;21,66;1,3850;
;;;;;;;;;;44,36;1,3750;
;;;;;;;;;;12,73;1,3750;
;;;;;;;;;;12,73;1,3750;
;;;;;;;;;;28,88;1,3850;
;;;;;;;;;;36,1;1,3850;
;;;;;;;;;;36,29;1,3780;
;;;;;;;;;;36,1;1,3850;
;;;;;;;;;;19,59;1,3780;
;;;;;;;;;;14,26;1,4030;
;;;;;;;;;;18,14;1,3780;
;;;;;;;;;;10,83;1,3850;
;;;;;;;;;;21,14;1,3720;
;;;;;;;;;;50,07;1,3780;
;;;;;;;;;;21,87;1,3720;
;;;;;;;;;;47,38;1,3720;
;;;;;;;;;;21,43;1,4000;
;;;;;;;;;;21,6;1,3890;
;;;;;;;;;;21,87;1,3720;
;;;;;;;;;;44,64;1,3890;
;;;;;;;;;;14,58;1,3720;
;;;;;;;;;;41,04;1,3890;
;;;;;;;;;;22,14;1,3550;
;;;;;;;;;;36;1,3890;
;;;;;;;;;;36,16;1,3550;
;;;;;;;;;;48,96;1,3890;
;;;;;;;;;;22,88;1,3550;
;;;;;;;;;;7,2;1,3890;
;;;;;;;;;;22,14;1,3550;
;;;;;;;;;;21,32;1,4120;
;;;;;;;;;;47,23;1,3550;
;;;;;;;;;;11,03;1,3600;
;;;;;;;;;;12,83;1,3640;
;;;;;;;;;;25,66;1,3640;
;;;;;;;;;;14,59;1,3710;
;;;;;;;;;;62,73;1,3710;
;;;;;;;;;;29,18;1,3710;
;;;;;;;;;;43,76;1,3710;
;;;;;;;;;;21,8;1,3760;
;;;;;;;;;;29,07;1,3760;
;;;;;;;;;;14,21;1,4080;
;;;;;;;;;;21,66;1,3850;
;;;;;;;;;;14,55;1,3750;
;;;;;;;;;;5,76;1,3890;
;;;;;;;;;;10,91;1,3750;
;;;;;;;;;;43,64;1,3750;
;;;;;;;;;;14,44;1,3850;
;;;;;;;;;;36,1;1,3850;
;;;;;;;;;;36,29;1,3780;
;;;;;;;;;;44,77;1,3850;
;;;;;;;;;;14,51;1,3780;
;;;;;;;;;;18,05;1,3850;
;;;;;;;;;;29,03;1,3780;
;;;;;;;;;;31,77;1,3850;
;;;;;;;;;;48,83;1,3720;
;;;;;;;;;;36,29;1,3780;
;;;;;;;;;;27,33;1,3720;
;;;;;;;;;;36,44;1,3720;
;;;;;;;;;;47,38;1,3720;
;;;;;;;;;;32,07;1,3720;
;;;;;;;;;;21,6;1,3890;
;;;;;;;;;;37,9;1,3720;
;;;;;;;;;;55,8;1,3890;
;;;;;;;;;;22,14;1,3550;
;;;;;;;;;;32,4;1,3890;
;;;;;;;;;;14,76;1,3550;
;;;;;;;;;;14,4;1,3890;
;;;;;;;;;;31,07;1,3840;
;;;;;;;;;;28,33;1,4120;
;;;;;;;;;;44,28;1,3550;
;;;;;;;;;;14,4;1,3890;
;;;;;;;;;;39,11;1,3550;
;;;;;;;;;;14,71;1,3600;
;;;;;;;;;;25,74;1,3600;
;;;;;;;;;;62,32;1,3640;
;;;;;;;;;;21,99;1,3640;
;;;;;;;;;;21,52;1,3710;
;;;;;;;;;;21,61;1,3880;
;;;;;;;;;;46,68;1,3710;
;;;;;;;;;;14,31;1,3980;
;;;;;;;;;;31,98;1,3760;
;;;;;;;;;;35,61;1,3760;
;;;;;;;;;;21,66;1,3850;
;;;;;;;;;;10,91;1,3750;
;;;;;;;;;;36;1,3890;
;;;;;;;;;;35,64;1,3750;
;;;;;;;;;;27,27;1,3750;
;;;;;;;;;;26,5;1,4340;
;;;;;;;;;;23,74;1,4030;
;;;;;;;;;;43,54;1,3780;
;;;;;;;;;;21,38;1,4030;
;;;;;;;;;;37,01;1,3780;
;;;;;;;;;;21,66;1,3850;
;;;;;;;;;;27,58;1,3780;
;;;;;;;;;;27,8;1,3850;
;;;;;;;;;;51,02;1,3720;
;;;;;;;;;;14,44;1,3850;
;;;;;;;;;;29,16;1,3720;
;;;;;;;;;;21,77;1,3780;
;;;;;;;;;;14,58;1,3720;
;;;;;;;;;;28,57;1,4000;
;;;;;;;;;;7,2;1,3890;
;;;;;;;;;;7,29;1,3720;
;;;;;;;;;;28,8;1,3890;
;;;;;;;;;;30,26;1,3550;
;;;;;;;;;;21,6;1,3890;
;;;;;;;;;;42,43;1,4140;
;;;;;;;;;;53,28;1,3890;
;;;;;;;;;;56,46;1,3550;
;;;;;;;;;;31,87;1,4120;
;;;;;;;;;;20,3;1,3550;
;;;;;;;;;;36;1,3890;
;;;;;;;;;;29,52;1,3550;
;;;;;;;;;;14,71;1,3600;
;;;;;;;;;;35,24;1,4190;
;;;;;;;;;;46,92;1,3640;
;;;;;;;;;;36,66;1,3640;
;;;;;;;;;;21,88;1,3710;
;;;;;;;;;;21,88;1,3710;
;;;;;;;;;;21,88;1,3710;
;;;;;;;;;;21,8;1,3760;
;;;;;;;;;;14,54;1,3760;
;;;;;;;;;;18,9;1,3760;
;;;;;;;;;;36,1;1,3850;
;;;;;;;;;;10,91;1,3750;
;;;;;;;;;;51,12;1,3890;
;;;;;;;;;;43,64;1,3750;
;;;;;;;;;;21,82;1,3750;
;;;;;;;;;;12,73;1,3750;
;;;;;;;;;;25,27;1,3850;
;;;;;;;;;;20,32;1,3780;
;;;;;;;;;;21,66;1,3850;
;;;;;;;;;;14,51;1,3780;
;;;;;;;;;;11,91;1,3850;
;;;;;;;;;;36,29;1,3780;
;;;;;;;;;;12,47;1,4030;
;;;;;;;;;;7,14;1,4000;
;;;;;;;;;;12,64;1,3850;
;;;;;;;;;;21,87;1,3720;
;;;;;;;;;;21,34;1,4060;
;;;;;;;;;;46,65;1,3720;
;;;;;;;;;;29,16;1,3720;
;;;;;;;;;;44,46;1,3720;
;;;;;;;;;;51,12;1,3890;
;;;;;;;;;;43;1,3720;
;;;;;;;;;;7,2;1,3890;
;;;;;;;;;;31,37;1,3550;
;;;;;;;;;;25,2;1,3890;
;;;;;;;;;;11,07;1,3550;
;;;;;;;;;;36,72;1,3890;
;;;;;;;;;;28,9;1,3840;
;;;;;;;;;;21,25;1,4120;
;;;;;;;;;;22,14;1,3550;
;;;;;;;;;;7,2;1,3890;
;;;;;;;;;;25,83;1,3550;
;;;;;;;;;;35,42;1,3550;
;;;;;;;;;;29,41;1,3600;
;;;;;;;;;;29,33;1,3640;
;;;;;;;;;;60,48;1,3640;
;;;;;;;;;;33,55;1,3710;
;;;;;;;;;;21,61;1,3880;
;;;;;;;;;;14,59;1,3710;
;;;;;;;;;;21,88;1,3710;
;;;;;;;;;;31,98;1,3760;
;;;;;;;;;;21,46;1,3980;
;;;;;;;;;;12,64;1,3850;
;;;;;;;;;;21,82;1,3750;
;;;;;;;;;;21,66;1,3850;
;;;;;;;;;;26,91;1,3750;
;;;;;;;;;;36,36;1,3750;
;;;;;;;;;;17,82;1,4030;
;;;;;;;;;;10,11;1,3850;
;;;;;;;;;;28,88;1,3850;
;;;;;;;;;;21,77;1,3780;
;;;;;;;;;;23,83;1,3850;
;;;;;;;;;;14,23;1,4060;
;;;;;;;;;;53,43;1,3850;
;;;;;;;;;;21,77;1,3780;
;;;;;;;;;;81,59;1,3850;
;;;;;;;;;;51,02;1,3720;
;;;;;;;;;;29,03;1,3780;
;;;;;;;;;;36,44;1,3720;
;;;;;;;;;;36,44;1,3720;
;;;;;;;;;;52,48;1,3720;
;;;;;;;;;;14,4;1,3890;
;;;;;;;;;;29,16;1,3720;
;;;;;;;;;;30,6;1,3890;
;;;;;;;;;;41,93;1,4310;
;;;;;;;;;;102,21;1,4480;
;;;;;;;;;;23,48;1,3840;
;;;;;;;;;;14,4;1,3890;
;;;;;;;;;;22,14;1,3550;
;;;;;;;;;;14,16;1,4120;
;;;;;;;;;;22,14;1,3550;
;;;;;;;;;;28,8;1,3890;
;;;;;;;;;;22,14;1,3550;
;;;;;;;;;;14,76;1,3550;
;;;;;;;;;;12,87;1,3600;
;;;;;;;;;;21,99;1,3640;
;;;;;;;;;;36,66;1,3640;
;;;;;;;;;;29,18;1,3710;
;;;;;;;;;;21,88;1,3710;
;;;;;;;;;;13,99;1,4300;
;;;;;;;;;;36,47;1,3710;
;;;;;;;;;;36,34;1,3760;
;;;;;;;;;;30,52;1,3760;
;;;;;;;;;;36,1;1,3850;
;;;;;;;;;;24,55;1,3850;
;;;;;;;;;;37,82;1,3750;
;;;;;;;;;;14,4;1,3890;
;;;;;;;;;;18,18;1,3750;
;;;;;;;;;;43,64;1,3750;
;;;;;;;;;;7,22;1,3850;
;;;;;;;;;;35,64;1,4030;
;;;;;;;;;;14,51;1,3780;
;;;;;;;;;;46,93;1,3850;
;;;;;;;;;;10,89;1,3780;
;;;;;;;;;;13,85;1,4440;
;;;;;;;;;;42,09;1,3780;
;;;;;;;;;;40,43;1,3850;
;;;;;;;;;;36,43;1,4000;
;;;;;;;;;;21,77;1,3780;
;;;;;;;;;;40,82;1,3720;
;;;;;;;;;;14,23;1,4060;
;;;;;;;;;;21,87;1,3720;
;;;;;;;;;;41,43;1,4000;
;;;;;;;;;;43,73;1,3720;
;;;;;;;;;;7,2;1,3890;
;;;;;;;;;;21,87;1,3720;
;;;;;;;;;;12,6;1,3890;
;;;;;;;;;;14,76;1,3550;
;;;;;;;;;;28,8;1,3890;
;;;;;;;;;;66,42;1,3550;
;;;;;;;;;;21,6;1,3890;
;;;;;;;;;;14,76;1,3550;
;;;;;;;;;;18;1,3890;
;;;;;;;;;;29,52;1,3550;
;;;;;;;;;;41,76;1,3890;
;;;;;;;;;;21,68;1,3840;
;;;;;;;;;;22,06;1,3600;
;;;;;;;;;;51,15;1,3880;
;;;;;;;;;;21,99;1,3640;
;;;;;;;;;;46,68;1,3710;
;;;;;;;;;;36,47;1,3710;
;;;;;;;;;;22,85;1,3710;
;;;;;;;;;;21,88;1,3710;
;;;;;;;;;;29,07;1,3760;
;;;;;;;;;;39,24;1,3760;
;;;;;;;;;;109,01;1,3760;
;;;;;;;;;;28,16;1,3850;
;;;;;;;;;;60,73;1,3750;
;;;;;;;;;;28,33;1,4120;
;;;;;;;;;;64,36;1,3750;
;;;;;;;;;;56;1,3750;
;;;;;;;;;;10,91;1,3750;
;;;;;;;;;;14,44;1,3850;
;;;;;;;;;;14,51;1,3780;
;;;;;;;;;;36,82;1,3850;
;;;;;;;;;;21,77;1,3780;
;;;;;;;;;;21,38;1,4030;
;;;;;;;;;;21,77;1,3780;
;;;;;;;;;;14,44;1,3850;
;;;;;;;;;;59,04;1,3720;
;;;;;;;;;;25,4;1,3780;
;;;;;;;;;;52,48;1,3720;
;;;;;;;;;;12,39;1,3720;
;;;;;;;;;;47,38;1,3720;
;;;;;;;;;;21,6;1,3890;
;;;;;;;;;;43;1,3720;
;;;;;;;;;;41,04;1,3890;
;;;;;;;;;;46,5;1,3550;
;;;;;;;;;;14,16;1,4120;
;;;;;;;;;;28,9;1,3840;
;;;;;;;;;;14,4;1,3890;
;;;;;;;;;;14,45;1,3840;
;;;;;;;;;;10,8;1,3890;
;;;;;;;;;;22,14;1,3550;
;;;;;;;;;;21,6;1,3890;
;;;;;;;;;;14,76;1,3550;
;;;;;;;;;;44,12;1,3600;
;;;;;;;;;;15,44;1,3600;
;;;;;;;;;;19,8;1,3640;
;;;;;;;;;;21,99;1,3640;
;;;;;;;;;;6,2;1,3710;
;;;;;;;;;;36,47;1,3710;
;;;;;;;;;;55,43;1,3710;
;;;;;;;;;;21,8;1,3760;
;;;;;;;;;;14,54;1,3760;
;;;;;;;;;;29,07;1,3760;
;;;;;;;;;;28,88;1,3850;
;;;;;;;;;;29,09;1,3750;
;;;;;;;;;;25,2;1,3890;
;;;;;;;;;;20,92;1,4340;
;;;;;;;;;;34,93;1,4030;
;;;;;;;;;;63,46;1,4340;
;;;;;;;;;;14,44;1,3850;
;;;;;;;;;;43,54;1,3780;
;;;;;;;;;;25,27;1,3850;
;;;;;;;;;;55,67;1,4370;
;;;;;;;;;;21,66;1,3850;
;;;;;;;;;;21,77;1,3780;
;;;;;;;;;;49,1;1,3850;
;;;;;;;;;;67,78;1,3720;
;;;;;;;;;;7,22;1,3850;
;;;;;;;;;;3,28;1,3720;
;;;;;;;;;;14,51;1,3780;
;;;;;;;;;;11,4;1,4000;
;;;;;;;;;;21,87;1,3720;
;;;;;;;;;;36,44;1,3720;
;;;;;;;;;;28,33;1,4120;
;;;;;;;;;;45,19;1,3720;
;;;;;;;;;;21,6;1,3890;
;;;;;;;;;;25,83;1,3550;
;;;;;;;;;;41,44;1,4480;
;;;;;;;;;;14,45;1,3840;
;;;;;;;;;;10,8;1,3890;
;;;;;;;;;;12,92;1,3550;
;;;;;;;;;;21,25;1,4120;
;;;;;;;;;;29,52;1,3550;
;;;;;;;;;;46,8;1,3890;
;;;;;;;;;;29,15;1,3550;
;;;;;;;;;;14,45;1,3840;
;;;;;;;;;;7,35;1,3600;
;;;;;;;;;;44,72;1,3640;
;;;;;;;;;;36,66;1,3640;
;;;;;;;;;;14,59;1,3710;
;;;;;;;;;;28,82;1,3880;
;;;;;;;;;;63,46;1,3710;
;;;;;;;;;;14,59;1,3710;
;;;;;;;;;;47,97;1,3760;
;;;;;;;;;;34,16;1,3760;
;;;;;;;;;;12,64;1,3850;
;;;;;;;;;;29,09;1,3750;
;;;;;;;;;;14,4;1,3890;
;;;;;;;;;;24;1,3750;
;;;;;;;;;;29,82;1,3750;
;;;;;;;;;;36,36;1,3750;
;;;;;;;;;;21,66;1,3850;
;;;;;;;;;;21,77;1,3780;
;;;;;;;;;;18,05;1,3850;
;;;;;;;;;;25,4;1,3780;
;;;;;;;;;;34,66;1,3850;
;;;;;;;;;;29,03;1,3780;
;;;;;;;;;;41,55;1,4440;
;;;;;;;;;;14,51;1,3780;
;;;;;;;;;;43,39;1,4060;
;;;;;;;;;;18,22;1,3720;
;;;;;;;;;;46,44;1,3780;
;;;;;;;;;;14,58;1,3720;
;;;;;;;;;;14,58;1,3720;
;;;;;;;;;;21,43;1,4000;
;;;;;;;;;;14,4;1,3890;
;;;;;;;;;;21,87;1,3720;
;;;;;;;;;;14,4;1,3890;
;;;;;;;;;;14,58;1,3720;
;;;;;;;;;;12,6;1,3890;
;;;;;;;;;;11,07;1,3550;
;;;;;;;;;;29,52;1,3890;
;;;;;;;;;;44,28;1,3550;
;;;;;;;;;;21,6;1,3890;
;;;;;;;;;;29,52;1,3550;
;;;;;;;;;;36;1,3890;
;;;;;;;;;;36,9;1,3550;
;;;;;;;;;;29,52;1,3550;
;;;;;;;;;;14,71;1,3600;
;;;;;;;;;;29,33;1,3640;
;;;;;;;;;;65,56;1,3880;
;;;;;;;;;;21,88;1,3710;
;;;;;;;;;;34,58;1,3880;
;;;;;;;;;;45,22;1,3710;
;;;;;;;;;;29,18;1,3710;
;;;;;;;;;;7,15;1,3980;
;;;;;;;;;;21,8;1,3760;
;;;;;;;;;;44,03;1,4080;
;;;;;;;;;;29,09;1,3750;
;;;;;;;;;;59,57;1,3850;
;;;;;;;;;;40;1,3750;
;;;;;;;;;;25,46;1,3750;
;;;;;;;;;;7,27;1,3750;
;;;;;;;;;;14,44;1,3850;
;;;;;;;;;;36,1;1,3850;
;;;;;;;;;;14,51;1,3780;
;;;;;;;;;;68,52;1,3850;
;;;;;;;;;;29,03;1,3780;
;;;;;;;;;;54,87;1,3850;
;;;;;;;;;;29,03;1,3780;
;;;;;;;;;;14,44;1,3850;
;;;;;;;;;;12,5;1,4000;
;;;;;;;;;;36,29;1,3780;
;;;;;;;;;;14,58;1,3720;
;;;;;;;;;;14,58;1,3720;
;;;;;;;;;;36,44;1,3720;
;;;;;;;;;;21,25;1,4120;
;;;;;;;;;;42,27;1,3720;
;;;;;;;;;;25,2;1,3890;
;;;;;;;;;;43,73;1,3720;
;;;;;;;;;;36;1,3890;
;;;;;;;;;;51,66;1,3550;
;;;;;;;;;;28,8;1,3890;
;;;;;;;;;;36,9;1,3550;
;;;;;;;;;;30,96;1,3890;
;;;;;;;;;;28,9;1,3840;
;;;;;;;;;;14,4;1,3890;
;;;;;;;;;;14,76;1,3550;
;;;;;;;;;;10,08;1,3890;
;;;;;;;;;;95,94;1,3550;
;;;;;;;;;;14,71;1,3600;
;;;;;;;;;;36,66;1,3640;
;;;;;;;;;;12,83;1,3640;
;;;;;;;;;;14,59;1,3710;
;;;;;;;;;;52,52;1,3710;
;;;;;;;;;;60,54;1,3710;
;;;;;;;;;;14,59;1,3710;
;;;;;;;;;;21,46;1,3980;
;;;;;;;;;;39,97;1,3760;
;;;;;;;;;;25,99;1,3850;
;;;;;;;;;;7,81;1,4080;
;;;;;;;;;;29,09;1,3750;
;;;;;;;;;;36;1,3890;
;;;;;;;;;;21,82;1,3750;
;;;;;;;;;;21,82;1,3750;
;;;;;;;;;;14,44;1,3850;
;;;;;;;;;;28,88;1,3850;
;;;;;;;;;;53,7;1,3780;
;;;;;;;;;;28,88;1,3850;
;;;;;;;;;;35,56;1,4060;
;;;;;;;;;;36,1;1,3850;
;;;;;;;;;;29,03;1,3780;
;;;;;;;;;;21,66;1,3850;
;;;;;;;;;;14,58;1,3720;
;;;;;;;;;;46,44;1,3780;
;;;;;;;;;;21,87;1,3720;
;;;;;;;;;;21,87;1,3720;
;;;;;;;;;;43,73;1,3720;
;;;;;;;;;;28,57;1,4000;
;;;;;;;;;;28,8;1,3890;
;;;;;;;;;;32,07;1,3720;
;;;;;;;;;;21,6;1,3890;
;;;;;;;;;;12,92;1,3550;
;;;;;;;;;;43,2;1,3890;
;;;;;;;;;;29,52;1,3550;
;;;;;;;;;;28,8;1,3890;
;;;;;;;;;;12,92;1,3550;
;;;;;;;;;;44,64;1,3890;
;;;;;;;;;;44,28;1,3550;
;;;;;;;;;;38,16;1,3890;
;;;;;;;;;;22,14;1,3550;
;;;;;;;;;;18,38;1,3600;
;;;;;;;;;;58,46;1,3600;
;;;;;;;;;;25,66;1,3640;
;;;;;;;;;;21,99;1,3640;
;;;;;;;;;;41,21;1,3710;
;;;;;;;;;;9,37;1,3880;
;;;;;;;;;;42,31;1,3710;
;;;;;;;;;;43,61;1,3760;
;;;;;;;;;;36,34;1,3760;
;;;;;;;;;;14,54;1,3760;
;;;;;;;;;;35,51;1,4080;
;;;;;;;;;;21,82;1,3750;
;;;;;;;;;;14,4;1,3890;
;;;;;;;;;;29,09;1,3750;
;;;;;;;;;;36,36;1,3750;
;;;;;;;;;;36,36;1,3750;
;;;;;;;;;;21,66;1,3850;
;;;;;;;;;;68,94;1,3780;
;;;;;;;;;;10,69;1,4030;
;;;;;;;;;;29,03;1,3780;
;;;;;;;;;;14,44;1,3850;
;;;;;;;;;;21,77;1,3780;
;;;;;;;;;;28,88;1,3850;
;;;;;;;;;;10,48;1,4310;
;;;;;;;;;;51,52;1,3780;
;;;;;;;;;;21,87;1,3720;
;;;;;;;;;;12,7;1,3780;
;;;;;;;;;;29,16;1,3720;
;;;;;;;;;;21,87;1,3720;
;;;;;;;;;;12,6;1,3890;
;;;;;;;;;;36,44;1,3720;
;;;;;;;;;;48,24;1,3890;
;;;;;;;;;;36,9;1,3550;
;;;;;;;;;;54,01;1,3890;
;;;;;;;;;;7,38;1,3550;
;;;;;;;;;;21,6;1,3890;
;;;;;;;;;;36,9;1,3550;
;;;;;;;;;;41,44;1,4480;
;;;;;;;;;;43,85;1,4140;
;;;;;;;;;;43,2;1,3890;
;;;;;;;;;;36,9;1,3550;
;;;;;;;;;;44,12;1,3600;
;;;;;;;;;;14,71;1,3600;
;;;;;;;;;;16,13;1,3640;
;;;;;;;;;;21,99;1,3640;
;;;;;;;;;;14,41;1,3880;
;;;;;;;;;;25,53;1,3710;
;;;;;;;;;;21,88;1,3710;
;;;;;;;;;;21,8;1,3760;
;;;;;;;;;;27,25;1,3760;
;;;;;;;;;;18,17;1,3760;
;;;;;;;;;;7,22;1,3850;
;;;;;;;;;;50,91;1,3750;
;;;;;;;;;;14,16;1,4120;
;;;;;;;;;;7,27;1,3750;
;;;;;;;;;;10,91;1,3750;
;;;;;;;;;;43,64;1,3750;
;;;;;;;;;;10,83;1,3850;
;;;;;;;;;;14,51;1,3780;
;;;;;;;;;;21,66;1,3850;
;;;;;;;;;;46,44;1,3780;
;;;;;;;;;;21,66;1,3850;
;;;;;;;;;;18,14;1,3780;
;;;;;;;;;;43,32;1,3850;
;;;;;;;;;;36,44;1,3720;
;;;;;;;;;;21,66;1,3850;
;;;;;;;;;;14,58;1,3720;
;;;;;;;;;;18,14;1,3780;
;;;;;;;;;;5;1,4000;
;;;;;;;;;;29,16;1,3720;
;;;;;;;;;;48,13;1,3720;
;;;;;;;;;;21,6;1,3890;
;;;;;;;;;;18,22;1,3720;
;;;;;;;;;;21,6;1,3890;
;;;;;;;;;;14,76;1,3550;
;;;;;;;;;;21,6;1,3890;
;;;;;;;;;;14,14;1,4140;
;;;;;;;;;;28,8;1,3890;
;;;;;;;;;;39,11;1,3550;
;;;;;;;;;;21,6;1,3890;
;;;;;;;;;;29,52;1,3550;
;;;;;;;;;;18;1,3890;
;;;;;;;;;;21,68;1,3840;
;;;;;;;;;;14,45;1,3840;
;;;;;;;;;;36,77;1,3600;
;;;;;;;;;;14,66;1,3640;
;;;;;;;;;;21,99;1,3640;
;;;;;;;;;;14,59;1,3710;
;;;;;;;;;;59,08;1,3710;
;;;;;;;;;;14,59;1,3710;
;;;;;;;;;;29,18;1,3710;
;;;;;;;;;;21,46;1,3980;
;;;;;;;;;;36,34;1,3760;
;;;;;;;;;;50,55;1,4440;
;;;;;;;;;;28,51;1,4030;
;;;;;;;;;;14,44;1,3850;
;;;;;;;;;;14,55;1,3750;
;;;;;;;;;;40,73;1,3750;
;;;;;;;;;;29,09;1,3750;
;;;;;;;;;;34,66;1,3850;
;;;;;;;;;;70,04;1,3850;
;;;;;;;;;;43,54;1,3780;
;;;;;;;;;;28,88;1,3850;
;;;;;;;;;;21,77;1,3780;
;;;;;;;;;;21,66;1,3850;
;;;;;;;;;;68,22;1,3780;
;;;;;;;;;;21,66;1,3850;
;;;;;;;;;;52,48;1,3720;
;;;;;;;;;;22,86;1,3780;
;;;;;;;;;;29,16;1,3720;
;;;;;;;;;;52,48;1,3720;
;;;;;;;;;;41,93;1,4310;
;;;;;;;;;;14,4;1,3890;
;;;;;;;;;;36,44;1,3720;
;;;;;;;;;;56,52;1,3890;
;;;;;;;;;;36,44;1,3720;
;;;;;;;;;;21,25;1,4120;
;;;;;;;;;;40,59;1,3550;
;;;;;;;;;;18;1,3890;
;;;;;;;;;;7,38;1,3550;
;;;;;;;;;;35,64;1,3890;
;;;;;;;;;;29,52;1,3550;
;;;;;;;;;;30,24;1,3890;
;;;;;;;;;;22,14;1,3550;
;;;;;;;;;;55,16;1,4140;
;;;;;;;;;;75,74;1,3600;
;;;;;;;;;;29,33;1,3640;
;;;;;;;;;;38,12;1,3640;
;;;;;;;;;;36,47;1,3710;
;;;;;;;;;;21,88;1,3710;
;;;;;;;;;;60,54;1,3710;
;;;;;;;;;;11,67;1,3710;
;;;;;;;;;;14,54;1,3760;
;;;;;;;;;;50,07;1,3980;
;;;;;;;;;;36,1;1,3850;
;;;;;;;;;;7,27;1,3750;
;;;;;;;;;;42,6;1,3850;
;;;;;;;;;;36,36;1,3750;
;;;;;;;;;;7,08;1,4120;
;;;;;;;;;;13,95;1,4340;
;;;;;;;;;;39,27;1,3750;
;;;;;;;;;;28,88;1,3850;
;;;;;;;;;;28,88;1,3850;
;;;;;;;;;;27,58;1,3780;
;;;;;;;;;;14,44;1,3850;
;;;;;;;;;;59,58;1,3780;
;;;;;;;;;;49,19;1,3850;
;;;;;;;;;;45,72;1,3780;
;;;;;;;;;;14,44;1,3850;
;;;;;;;;;;11,43;1,4000;
;;;;;;;;;;52,89;1,4370;
;;;;;;;;;;35,71;1,4000;
;;;;;;;;;;108,85;1,3780;
;;;;;;;;;;29,16;1,3720;
;;;;;;;;;;14,58;1,3720;
;;;;;;;;;;14,16;1,4120;
;;;;;;;;;;36,44;1,3720;
;;;;;;;;;;12,6;1,3890;
;;;;;;;;;;21,87;1,3720;
;;;;;;;;;;14,4;1,3890;
;;;;;;;;;;12,92;1,3550;
;;;;;;;;;;36;1,3890;
;;;;;;;;;;14,76;1,3550;
;;;;;;;;;;28,8;1,3890;
;;;;;;;;;;38,38;1,3550;
;;;;;;;;;;32,4;1,3890;
;;;;;;;;;;36,9;1,3550;
;;;;;;;;;;12,6;1,3890;
;;;;;;;;;;36,13;1,3840;
;;;;;;;;;;63,24;1,3600;
;;;;;;;;;;22,06;1,3600;
;;;;;;;;;;23,46;1,3640;
;;;;;;;;;;29,18;1,3710;
;;;;;;;;;;5,62;1,3880;
;;;;;;;;;;36,47;1,3710;
;;;;;;;;;;7,29;1,3710;
;;;;;;;;;;7,15;1,3980;
;;;;;;;;;;14,54;1,3760;
;;;;;;;;;;15,16;1,3850;
;;;;;;;;;;21,31;1,4080;
;;;;;;;;;;44,36;1,3750;
;;;;;;;;;;42,82;1,4480;
;;;;;;;;;;36,36;1,3750;
;;;;;;;;;;36,36;1,3750;
;;;;;;;;;;14,55;1,3750;
;;;;;;;;;;17,82;1,4030;
;;;;;;;;;;21,77;1,3780;
;;;;;;;;;;43,32;1,3850;
;;;;;;;;;;60,96;1,3780;
;;;;;;;;;;28,88;1,3850;
;;;;;;;;;;39,19;1,3780;
;;;;;;;;;;12,64;1,3850;
;;;;;;;;;;7,29;1,3720;
;;;;;;;;;;14,51;1,3780;
;;;;;;;;;;14,29;1,4000;
;;;;;;;;;;36,44;1,3720;
;;;;;;;;;;36,44;1,3720;
;;;;;;;;;;28,8;1,3890;
;;;;;;;;;;56,12;1,3720;
;;;;;;;;;;21,6;1,3890;
;;;;;;;;;;22,14;1,3550;
;;;;;;;;;;55,8;1,3890;
;;;;;;;;;;29,52;1,3550;
;;;;;;;;;;21,6;1,3890;
;;;;;;;;;;21,22;1,4140;
;;;;;;;;;;41,44;1,4480;
;;;;;;;;;;29,52;1,3550;
;;;;;;;;;;41,76;1,3890;
;;;;;;;;;;23,62;1,3550;
;;;;;;;;;;50,74;1,3600;
;;;;;;;;;;44,12;1,3600;
;;;;;;;;;;29,33;1,3640;
;;;;;;;;;;29,33;1,3640;
;;;;;;;;;;11,67;1,3710;
;;;;;;;;;;65,04;1,4300;
;;;;;;;;;;52,52;1,3710;
;;;;;;;;;;7,27;1,3760;
;;;;;;;;;;21,8;1,3760;
;;;;;;;;;;7,27;1,3760;
;;;;;;;;;;43,32;1,3850;
;;;;;;;;;;21,82;1,3750;
;;;;;;;;;;38,88;1,3890;
;;;;;;;;;;36,36;1,3750;
;;;;;;;;;;14,26;1,4030;
;;;;;;;;;;42,54;1,4340;
;;;;;;;;;;14,44;1,3850;
;;;;;;;;;;30,48;1,3780;
;;;;;;;;;;34,63;1,4440;
;;;;;;;;;;21,77;1,3780;
;;;;;;;;;;28,88;1,3850;
;;;;;;;;;;7,43;1,3780;
;;;;;;;;;;50,54;1,3850;
;;;;;;;;;;21,87;1,3720;
;;;;;;;;;;7,22;1,3850;
;;;;;;;;;;21,87;1,3720;
;;;;;;;;;;29,03;1,3780;
;;;;;;;;;;51,75;1,3720;
;;;;;;;;;;53,94;1,3720;
;;;;;;;;;;14,29;1,4000;
;;;;;;;;;;36;1,3890;
;;;;;;;;;;21,87;1,3720;
;;;;;;;;;;79,19;1,3890;
;;;;;;;;;;22,14;1,3550;
;;;;;;;;;;36;1,3890;
;;;;;;;;;;18,45;1,3550;
;;;;;;;;;;23,76;1,3890;
;;;;;;;;;;12,92;1,3550;
;;;;;;;;;;36;1,3890;
;;;;;;;;;;14,76;1,3550;
;;;;;;;;;;38,16;1,3890;
;;;;;;;;;;22,14;1,3550;
;;;;;;;;;;14,71;1,3600;
;;;;;;;;;;44,12;1,3600;
;;;;;;;;;;11;1,3640;
;;;;;;;;;;45,46;1,3640;
;;;;;;;;;;25,53;1,3710;
;;;;;;;;;;48,87;1,3710;
;;;;;;;;;;29,18;1,3710;
;;;;;;;;;;21,8;1,3760;
;;;;;;;;;;21,8;1,3760;
;;;;;;;;;;21,8;1,3760;
;;;;;;;;;;12,64;1,3850;
;;;;;;;;;;29,09;1,3750;
;;;;;;;;;;14,16;1,4120;
;;;;;;;;;;29,09;1,3750;
;;;;;;;;;;14,55;1,3750;
;;;;;;;;;;7,27;1,3750;
;;;;;;;;;;28,88;1,3850;
;;;;;;;;;;21,77;1,3780;
;;;;;;;;;;36,1;1,3850;
;;;;;;;;;;14,51;1,3780;
;;;;;;;;;;4,63;1,4030;
;;;;;;;;;;21,77;1,3780;
;;;;;;;;;;36,1;1,3850;
;;;;;;;;;;12,7;1,3780;
;;;;;;;;;;28,88;1,3850;
;;;;;;;;;;14,58;1,3720;
;;;;;;;;;;14,23;1,4060;
;;;;;;;;;;34,26;1,3720;
;;;;;;;;;;44,9;1,3720;
;;;;;;;;;;40,43;1,3720;
;;;;;;;;;;43,2;1,3890;
;;;;;;;;;;21,87;1,3720;
;;;;;;;;;;28,8;1,3890;
;;;;;;;;;;14,45;1,3840;
;;;;;;;;;;13,1;1,4120;
;;;;;;;;;;35,42;1,3550;
;;;;;;;;;;28,8;1,3890;
;;;;;;;;;;12,92;1,3550;
;;;;;;;;;;14,16;1,4120;
;;;;;;;;;;22,14;1,3550;
;;;;;;;;;;10,8;1,3890;
;;;;;;;;;;21,68;1,3840;
;;;;;;;;;;46,5;1,3550;
;;;;;;;;;;40,35;1,3880;
;;;;;;;;;;14,66;1,3640;
;;;;;;;;;;21,61;1,3880;
;;;;;;;;;;47,41;1,3710;
;;;;;;;;;;29,18;1,3710;
;;;;;;;;;;46,68;1,3710;
;;;;;;;;;;51,06;1,3710;
;;;;;;;;;;51,67;1,3760;
;;;;;;;;;;6,9;1,3760;
;;;;;;;;;;14,21;1,4080;
;;;;;;;;;;36,36;1,3750;
;;;;;;;;;;21,66;1,3850;
;;;;;;;;;;43,64;1,3750;
;;;;;;;;;;14,55;1,3750;
;;;;;;;;;;30,91;1,3750;
;;;;;;;;;;14,44;1,3850;
;;;;;;;;;;39,71;1,3850;
;;;;;;;;;;41,36;1,3780;
;;;;;;;;;;31,77;1,3850;
;;;;;;;;;;10,67;1,4060;
;;;;;;;;;;14,44;1,3850;
;;;;;;;;;;21,77;1,3780;
;;;;;;;;;;54,15;1,3850;
;;;;;;;;;;63,59;1,4310;
;;;;;;;;;;7,26;1,3780;
;;;;;;;;;;29,16;1,3720;
;;;;;;;;;;32,07;1,3720;
;;;;;;;;;;29,16;1,3720;
;;;;;;;;;;43,92;1,3890;
;;;;;;;;;;14,58;1,3720;
;;;;;;;;;;56,88;1,3890;
;;;;;;;;;;27,7;1,3720;
;;;;;;;;;;18;1,3890;
;;;;;;;;;;14,76;1,3550;
;;;;;;;;;;43,2;1,3890;
;;;;;;;;;;14,76;1,3550;
;;;;;;;;;;14,16;1,4120;
;;;;;;;;;;22,14;1,3550;
;;;;;;;;;;28,8;1,3890;
;;;;;;;;;;36,9;1,3550;
;;;;;;;;;;22,14;1,3550;
;;;;;;;;;;22,06;1,3600;
;;;;;;;;;;44,72;1,3640;
;;;;;;;;;;7,33;1,3640;
;;;;;;;;;;15,32;1,3710;
;;;;;;;;;;14,41;1,3880;
;;;;;;;;;;51,79;1,3710;
;;;;;;;;;;14,59;1,3710;
;;;;;;;;;;21,8;1,3760;
;;;;;;;;;;14,54;1,3760;
;;;;;;;;;;28,88;1,3850;
;;;;;;;;;;14,21;1,4080;
;;;;;;;;;;14,55;1,3750;
;;;;;;;;;;21,6;1,3890;
;;;;;;;;;;14,26;1,4030;
;;;;;;;;;;45,82;1,3750;
;;;;;;;;;;43,32;1,3850;
;;;;;;;;;;14,26;1,4030;
;;;;;;;;;;7,26;1,3780;
;;;;;;;;;;21,66;1,3850;
;;;;;;;;;;7,26;1,3780;
;;;;;;;;;;46,93;1,3850;
;;;;;;;;;;43,54;1,3780;
;;;;;;;;;;14,44;1,3850;
;;;;;;;;;;21,43;1,4000;
;;;;;;;;;;36,29;1,3780;
;;;;;;;;;;7,29;1,3720;
;;;;;;;;;;60,5;1,3720;
;;;;;;;;;;21,87;1,3720;
;;;;;;;;;;33,53;1,3720;
;;;;;;;;;;14,4;1,3890;
;;;;;;;;;;18,22;1,3720;
;;;;;;;;;;14,4;1,3890;
;;;;;;;;;;14,76;1,3550;
;;;;;;;;;;14,4;1,3890;
;;;;;;;;;;36,9;1,3550;
;;;;;;;;;;46,08;1,3890;
;;;;;;;;;;74,78;1,3840;
;;;;;;;;;;14,4;1,3890;
;;;;;;;;;;22,14;1,3550;
;;;;;;;;;;21,6;1,3890;
;;;;;;;;;;29,52;1,3550;
;;;;;;;;;;36,77;1,3600;
;;;;;;;;;;42,28;1,4190;
;;;;;;;;;;33,86;1,3880;
;;;;;;;;;;36,02;1,3880;
;;;;;;;;;;14,41;1,3880;
;;;;;;;;;;13,99;1,4300;
;;;;;;;;;;41,94;1,3710;
;;;;;;;;;;14,54;1,3760;
;;;;;;;;;;47,24;1,3760;
;;;;;;;;;;44,77;1,3760;
;;;;;;;;;;28,41;1,4080;
;;;;;;;;;;14,55;1,3750;
;;;;;;;;;;25,2;1,3890;
;;;;;;;;;;44,36;1,3750;
;;;;;;;;;;36,36;1,3750;
;;;;;;;;;;34,87;1,4340;
;;;;;;;;;;28,88;1,3850;
;;;;;;;;;;14,51;1,3780;
;;;;;;;;;;19,5;1,3850;
;;;;;;;;;;36,29;1,3780;
;;;;;;;;;;57,76;1,3850;
;;;;;;;;;;21,77;1,3780;
;;;;;;;;;;14,44;1,3850;
;;;;;;;;;;36,51;1,3720;
;;;;;;;;;;63,86;1,3780;
;;;;;;;;;;47,09;1,3720;
;;;;;;;;;;27,21;1,3780;
V;101;FCL;X-23;;;20140701;2;D;;70,7;1,3720;
;;;;;;;;;;69,67;1,3780;
;;;;;;;;;;14,4;1,3890;
;;;;;;;;;;28,88;1,3850;
;;;;;;;;;;50,07;1,3980;
;;;;;;;;;;29,33;1,3640;
;;;;;;;;;;71,59;1,3550;
;;;;;;;;;;47,09;1,3720;
;;;;;;;;;;25,92;1,3890;
;;;;;;;;;;145,14;1,3780;
;;;;;;;;;;28,8;1,3890;
;;;;;;;;;;36,36;1,3750;
;;;;;;;;;;58,35;1,3710;
;;;;;;;;;;18,33;1,3640;
;;;;;;;;;;29,52;1,3550;
;;;;;;;;;;29,16;1,3720;
;;;;;;;;;;69,83;1,3890;
;;;;;;;;;;35,64;1,4030;
;;;;;;;;;;50,87;1,3760;
;;;;;;;;;;73,31;1,3640;
;;;;;;;;;;59,04;1,3550;
;;;;;;;;;;21,87;1,3720;
;;;;;;;;;;43,2;1,3890;
;;;;;;;;;;36,29;1,3780;
;;;;;;;;;;143,99;1,3890;
;;;;;;;;;;36,36;1,3750;
;;;;;;;;;;30,74;1,3760;
;;;;;;;;;;69,65;1,3640;
;;;;;;;;;;59,04;1,3550;
;;;;;;;;;;29,16;1,3720;
;;;;;;;;;;54,72;1,3890;
;;;;;;;;;;90,25;1,3850;
;;;;;;;;;;28,8;1,3890;
;;;;;;;;;;36,47;1,3710;
;;;;;;;;;;44,12;1,3600;
;;;;;;;;;;69,97;1,3720;
;;;;;;;;;;14,51;1,3780;
;;;;;;;;;;69,12;1,3890;
;;;;;;;;;;36,36;1,3750;
;;;;;;;;;;36,34;1,3760;
;;;;;;;;;;14,66;1,3640;
;;;;;;;;;;103,32;1,3550;
;;;;;;;;;;113,7;1,3720;
;;;;;;;;;;143,99;1,3890;
;;;;;;;;;;145,14;1,3780;
;;;;;;;;;;36;1,3890;
;;;;;;;;;;29,09;1,3750;
;;;;;;;;;;70,75;1,3710;
;;;;;;;;;;46,92;1,3640;
